0.0 1500 0 36 456 28.333474867465185 3,70 0,65 2,83 0,65 2,17 6,74 0,65
0.0 500 0 60 236 53.297801595214366 2,12 2,54 1,27 0,85 3,81 11,44 0,85
0.12 100000 0 60 681 29.14520758017494 1,76 1,47 0,44 1,32 0,59 7,77 3,37
0.0 5000 0 30 197 56.304977422003304 4,46 0,99 2,97 0,50 4,95 7,92 0,99
11.049037864680322 3222 1 32 231 20.468714234620904 0,43 0,43 0,00 0,43 0,00 6,01 0,00
8.738461538461538 13000 0 30 998 43.48144510828976 3,23 1,47 1,17 1,17 1,27 10,07 2,93
0.0 50000 0 30 324 43.4804343891403 3,40 1,85 0,93 1,54 1,23 12,96 0,62
0.0 10000 0 45 504 42.32358582677168 4,13 1,38 1,18 1,18 0,59 10,61 2,36
2.55 6000 7 30 63 55.22017857142856 3,17 3,17 0,00 3,17 3,17 9,52 1,59
0.0 15000 0 30 263 24.977994652406437 2,95 1,85 1,11 0,37 2,95 4,80 0,74
0.9863013698630136 7300 10 30 683 -28.097007299270047 2,04 0,58 1,02 0,44 0,73 6,40 1,75
8.260000000000002 10000 10 60 634 53.933363584798656 2,81 1,40 1,25 0,78 3,28 9,67 2,50
0.0 1700 0 5 272 40.56206140350881 0,35 0,35 0,00 0,35 0,00 3,51 0,00
3.8 10000 0 45 579 41.505538461538464 2,91 0,34 1,71 0,34 1,20 10,77 1,88
0.0 12000 0 45 633 41.05462051433207 3,17 0,60 1,51 0,75 1,51 10,41 2,71
0.0 50000 5 30 952 59.457110136259246 6,90 1,25 2,19 0,63 2,82 10,55 1,88
0.0 20000 0 32 757 36.70287802649614 3,23 1,74 1,86 2,11 1,12 7,07 0,87
0.0033333333333333335 30000 0 30 410 39.923258569614916 3,90 0,73 2,20 0,98 1,95 9,76 2,20
0.04166666666666667 48000 0 60 748 55.153618869810686 2,79 0,93 1,46 0,27 5,19 7,05 0,66
0.0 2080 0 31 157 54.30704121964996 2,48 0,62 0,00 0,62 4,97 7,45 1,24
0.0 500 0 30 135 64.54617647058825 5,15 1,47 1,47 1,47 2,21 10,29 2,21
3.0 2000 0 60 227 50.10132183908047 5,17 2,59 3,45 1,72 1,29 7,76 3,45
8.0 250 5 25 273 58.80810687655344 2,50 0,71 1,07 0,71 0,36 8,57 3,21
0.8333333333333334 3000 0 30 566 53.28516010116164 4,39 0,53 1,93 0,53 1,58 12,30 1,58
2.0 250 0 45 242 70.15433687866292 3,79 0,76 3,79 1,14 0,38 12,88 3,41
73.0 24000 12 40 2271 38.19087164925037 2,02 0,21 0,84 0,04 0,55 6,32 1,01
12.8 2000 11 20 523 66.23863216266176 4,01 1,72 2,67 0,95 3,44 14,69 2,86
5.454545454545454 495 4 30 164 51.566079545454585 4,88 1,22 1,22 1,22 0,61 12,80 1,83
30.995260663507107 5275 10 20 403 33.7168543165468 2,63 2,63 1,67 3,59 0,48 9,81 1,67
0.01818181818181818 5500 0 45 355 51.15350024307247 7,02 0,84 3,65 1,12 3,37 12,92 1,12
1.4000000000000001 4000 0 60 698 67.47389943046007 4,20 0,42 2,52 0,28 1,96 12,18 2,94
0.0 3500 0 50 358 66.2375331491713 5,01 0,56 2,23 0,28 0,28 14,76 4,74
0.0 7000 0 14 511 60.79958143208145 4,07 1,36 2,71 0,78 0,97 12,21 1,36
1.640625 1280 0 30 95 41.5412523191095 5,10 1,02 1,02 1,02 2,04 11,22 2,04
0.305 20000 0 30 468 48.80484819734349 4,50 0,39 2,94 0,59 0,59 9,98 3,72
0.03333333333333333 3000 0 30 145 60.24665441176471 0,68 0,68 0,68 1,36 5,44 11,56 0,00
15.333333333333332 4500 41 28 1423 65.59869553893664 2,44 0,28 1,32 0,28 3,34 10,52 2,51
0.0 5000 0 60 201 49.69076470588237 8,87 0,99 4,43 0,99 1,97 12,32 0,49
6.888888888888889 450 0 30 46 38.19869565217394 8,70 6,52 6,52 6,52 2,17 10,87 4,35
0.4888888888888889 9000 0 30 359 52.85645442792506 5,79 1,10 1,93 0,55 3,86 7,99 1,65
60.0 500 3 35 584 50.37792067307694 3,97 0,33 1,49 0,50 0,83 8,94 1,49
0.5333333333333333 15000 3 45 412 57.614114832535904 4,35 0,97 1,69 0,72 0,97 10,87 3,86
1.3 1000 0 30 206 69.94321996097018 5,34 0,97 0,00 0,97 2,43 15,53 3,40
0.02 5000 0 60 153 45.51928571428573 1,96 0,65 3,27 0,65 2,61 12,42 1,31
2.1999999999999997 500 1 30 94 47.01368421052632 3,19 2,13 4,26 2,13 3,19 9,57 2,13
39.75 1200 0 32 196 41.447 3,52 1,51 0,50 1,01 0,50 8,04 1,51
2.5 1000 0 30 131 37.00488240064885 1,48 1,48 0,00 1,48 5,19 6,67 2,22
0.0 1000 5 30 497 43.054670881971475 5,69 2,16 0,98 0,59 2,16 8,82 1,76
0.02 5000 0 30 382 57.76363386613389 5,05 0,53 1,60 0,53 1,33 14,63 2,39
5.800000000000001 1000 6 40 315 54.420138888888886 3,48 0,63 0,95 0,63 3,80 9,18 4,11
3.1428571428571432 350 0 60 155 45.88750000000002 2,50 1,25 3,12 2,50 2,50 5,62 4,38
8.0 1500 1 30 316 37.48132911392409 4,11 0,63 1,58 0,63 1,90 7,91 2,53
8.099062918340026 2988 0 30 331 66.83421052631581 6,74 0,29 2,05 0,29 2,35 9,97 1,47
6.0 1500 0 30 230 43.464366108786635 2,13 0,85 2,98 0,43 2,13 11,49 1,70
2.5 1000 0 30 191 31.844166666666695 4,19 1,05 1,05 1,05 0,00 7,33 2,62
0.0 2000 1 14 120 46.7903506097561 7,38 0,82 1,64 1,64 1,64 9,02 3,28
0.026595744680851064 94000 6 35 579 35.69667667238423 2,74 0,34 0,69 0,69 2,06 4,63 1,54
0.028571428571428574 3500 2 25 471 59.48791647295835 4,02 0,85 1,90 0,63 2,33 12,68 2,96
3.4799999999999995 2500 7 14 314 59.1504485852312 7,91 0,32 4,11 0,63 1,90 8,23 2,53
3.0 5000 0 40 564 51.08363368669026 2,84 0,53 1,42 0,53 3,37 9,06 1,24
0.0 7500 0 45 326 38.83585365853662 3,05 0,91 0,00 0,91 0,30 9,76 3,05
0.0 650 0 40 347 57.3445197740113 3,42 0,57 2,28 0,28 0,28 9,69 3,99
0.1 10000 0 6 608 72.85403846153848 4,52 1,45 1,77 0,65 0,97 11,13 5,00
2.0 300 0 30 270 54.407608695652186 2,92 1,46 1,46 0,73 1,09 11,68 2,55
0.35000000000000003 10000 0 50 218 42.1863417431193 5,05 0,46 1,83 0,46 2,75 8,26 0,46
0.0 50 0 40 227 49.58219806763287 5,22 0,87 2,17 0,43 4,35 9,57 1,74
0.075 200000 2 45 400 38.57903805012228 4,69 0,25 2,72 0,49 1,98 6,91 2,72
0.6666666666666667 1500 0 30 305 65.09237500000003 5,08 0,63 3,81 0,63 1,27 14,92 2,54
1.7000000000000002 5000 0 30 168 63.06274597495528 4,76 0,60 1,19 0,60 0,60 14,29 2,98
3.0 200 20 30 559 44.555165929203554 3,38 1,07 1,25 0,89 2,31 8,36 3,02
0.0 2800 0 28 209 54.939443661971865 4,25 1,42 2,36 1,89 1,42 13,21 3,30
7.4639999999999995 25000 1 30 629 50.70193702290078 2,77 0,77 0,92 1,23 1,38 7,85 2,92
0.2123571645262413 19778 0 35 223 44.098847402597414 3,49 1,31 1,31 1,75 2,62 7,42 4,37
1.2377850162866448 15350 1 31 249 49.11191844300282 2,43 0,81 3,24 0,40 3,24 9,31 3,64
0.002 50000 3 60 933 58.532589465798424 4,63 0,43 1,72 0,11 1,40 13,13 2,26
0.024 25000 0 30 401 55.681045751634 2,74 1,74 1,24 1,74 1,24 14,18 3,48
31.0 1000 15 45 657 62.4770592534841 4,75 2,30 1,69 0,92 1,07 10,43 1,07
0.0 10 0 30 330 63.391015306122455 3,61 1,51 2,41 0,60 2,71 9,94 0,90
22.761506276150627 1195 9 7 315 30.672878504672923 4,39 1,88 0,63 2,51 0,63 4,08 2,19
0.0 1000 0 32 271 68.41445970695972 4,40 0,73 1,47 1,47 1,83 11,36 3,30
0.0 20000 0 30 113 46.99240384615385 4,35 1,74 0,87 2,61 0,87 8,70 0,00
0.03125 3200 0 30 47 50.53333333333336 4,26 2,13 8,51 2,13 2,13 10,64 6,38
0.0 8000 0 60 264 57.51706605661997 2,25 1,12 1,50 0,75 0,00 12,73 3,75
7.5 400 0 30 529 54.92086516405706 2,79 0,37 0,74 0,19 8,38 4,66 0,19
0.2777777777777778 9000 0 30 193 57.89750097618122 1,53 0,51 1,53 0,51 1,02 12,76 1,53
2.631578947368421 28500 0 37 1196 42.67916711742879 4,12 0,33 1,07 0,25 3,54 4,94 1,32
1.0666666666666667 4500 0 21 206 48.70885167464118 0,48 1,92 0,48 0,96 6,73 7,21 1,44
14.374999999999998 800 0 30 176 49.44523857358115 2,76 1,10 2,76 1,10 1,66 12,71 3,31
16.1 1000 0 60 317 48.266875000000056 3,75 0,62 1,56 0,94 1,88 10,31 1,56
0.0 1575 0 30 495 56.06900996890434 2,83 0,40 0,61 0,61 1,01 8,70 4,25
0.0 6500 0 13 172 28.889093208092504 0,58 1,73 1,16 1,16 1,73 8,09 1,73
0.05 10000 0 30 313 54.83950522264985 5,36 1,26 3,15 0,95 4,10 13,88 2,52
0.25 20000 0 30 270 35.043571428571425 4,41 1,47 1,84 0,37 3,31 10,66 0,74
1.0 1500 0 60 267 57.618475274725284 4,74 1,09 1,09 0,73 0,36 13,87 4,74
0.0 10000 0 60 124 55.89160714285714 4,84 4,03 2,42 2,42 6,45 14,52 2,42
1.1666666666666667 12000 6 30 653 64.03654942613848 3,35 1,37 1,37 0,15 7,62 7,47 1,83
10.0 250 0 12 239 52.30071519389705 3,32 1,24 0,41 0,41 0,83 10,79 4,98
0.0 700 0 14 287 64.5365479452055 5,56 0,69 1,74 0,35 1,39 13,54 0,69
21.330882352941178 13600 2 30 455 33.41695652173914 3,04 0,65 1,30 0,22 1,74 6,29 2,82
1.0 10000 0 45 209 27.508392857142894 2,86 1,43 3,81 2,38 1,90 6,19 2,38
14.000000000000002 500 5 30 242 33.75342862033554 0,39 0,79 0,00 0,39 0,79 4,33 0,00
36.4 3000 0 30 325 37.583977172958754 3,30 0,30 0,60 0,30 1,20 8,41 1,50
0.125 8000 0 30 162 51.897418593676264 4,29 1,84 1,23 1,84 1,23 11,04 1,23
0.51 10000 6 30 554 48.41896879240164 3,07 1,26 1,44 0,18 2,71 5,42 2,17
5.962962962962963 2700 0 30 335 40.33201086956521 5,28 2,64 2,64 0,88 0,88 10,26 1,76
0.0 3000 19 30 186 39.722631578947386 4,76 2,12 0,53 2,65 0,53 7,41 2,12
9.875 8000 15 30 526 68.5457684550222 4,87 1,69 3,18 0,75 3,75 8,99 1,31
0.5 1000 27 32 233 61.36782886334612 4,31 0,86 1,29 0,43 0,86 6,47 2,16
9.3 1000 0 57 156 68.66139566395668 4,38 1,25 2,50 0,62 1,25 7,50 0,62
0.075 20000 0 30 339 48.28878698224855 4,14 1,18 0,89 1,18 0,59 5,62 3,55
0.0 1200 0 10 276 80.38559880709465 5,38 1,08 3,58 1,43 1,43 16,85 4,66
79.0 2000 0 21 318 53.258196811434885 4,10 0,63 1,58 0,95 3,15 8,83 3,15
0.0 1500 0 30 182 52.16529670329672 7,14 1,10 0,55 1,10 2,75 13,74 1,10
0.013333333333333334 7500 6 30 429 38.532739654517854 3,23 0,69 1,61 0,46 2,30 7,14 1,38
0.0 516 0 30 338 55.11804347826089 4,16 0,55 1,66 0,55 1,66 8,86 1,94
0.0 1200 0 30 190 56.26295918367349 4,71 2,09 2,09 1,05 1,57 16,23 2,62
1.7000000000000002 60000 3 30 603 45.296965815486004 3,69 0,34 1,01 0,17 0,67 10,72 4,19
29.228571428571428 14000 16 30 1263 60.92042684178125 4,05 0,46 1,83 0,46 2,14 8,33 1,60
0.0 25 0 45 53 18.06333333333336 9,26 1,85 3,70 1,85 0,00 11,11 3,70
0.013636363636363637 22000 0 30 235 40.974180790960446 4,24 1,27 0,85 1,69 1,27 9,32 3,81
4.25 2000 0 35 190 78.89544217687077 2,59 1,04 2,59 0,00 4,15 11,40 1,55
9.1 2000 0 32 10 18.022115384615404 7,14 7,14 0,00 7,14 0,00 7,14 0,00
0.0 2500 0 7 78 45.43178797468357 5,13 2,56 0,00 3,85 2,56 10,26 3,85
0.8571428571428572 3500 0 30 240 61.59260162601629 5,28 0,00 1,22 0,00 4,47 8,94 2,03
28.085714285714285 3500 0 30 432 57.926521739130465 5,16 1,57 3,59 0,67 1,35 13,23 1,57
39.0 700 3 7 333 81.33452301850976 4,08 2,33 4,37 1,46 0,87 11,08 4,37
0.0 5000 0 45 760 60.699700854700865 5,10 0,78 1,70 0,39 1,05 14,38 2,48
0.05 2000 0 60 237 49.19481500691566 7,47 0,83 2,07 0,83 0,00 13,28 1,24
3.3333333333333335 6000 5 30 849 66.99103665594858 3,18 0,33 1,43 0,11 1,43 9,11 1,54
17.5 1000 0 60 219 58.892488687782844 4,19 1,86 2,79 0,93 2,33 13,02 2,33
7.000000000000001 500 0 30 452 50.09761274509805 2,40 1,31 1,97 0,87 0,87 8,30 1,09
0.01 10000 0 14 155 48.38982683982687 3,95 1,97 2,63 1,32 1,32 11,84 1,97
1.7000000000000002 5000 0 60 148 66.95414979757089 6,71 1,34 1,34 1,34 2,01 12,75 0,67
0.2 500 1 14 743 52.202625107112254 4,13 0,65 2,45 0,13 1,94 8,39 2,32
0.4285714285714286 7000 0 50 159 52.821450310559044 4,40 1,89 1,89 1,26 1,26 11,95 1,89
7.000000000000001 2000 0 60 417 51.955993808049584 3,08 0,47 1,66 0,47 4,03 8,53 2,61
0.4 500 5 8 973 59.79474323523604 8,27 0,71 4,03 0,30 1,71 10,89 0,81
39.714285714285715 3500 4 30 993 43.848613052011785 3,44 0,39 0,98 0,10 2,46 6,89 1,87
0.0 100 1 6 155 54.84157342657346 5,13 0,64 1,92 0,64 0,00 8,97 0,00
0.0 8000 0 76 52 74.60985714285717 5,66 1,89 5,66 0,00 0,00 20,75 0,00
0.7000000000000001 3000 0 40 633 61.732636497786544 3,77 0,94 2,04 0,47 2,83 12,09 2,04
0.0 3000 5 30 333 66.79678683385582 3,14 1,14 2,29 0,86 0,29 8,29 1,43
41.09230769230769 6500 0 37 1145 59.09951893909934 4,47 0,17 1,77 0,76 1,69 7,84 1,18
4.9 5000 17 30 518 75.55205440024112 4,16 0,90 3,07 0,54 4,16 6,87 1,63
3.9850000000000003 1200 0 20 297 67.15850571632726 4,38 2,36 3,37 1,68 2,36 16,84 2,02
0.0 2000 0 24 132 57.726764705882374 2,96 0,74 1,48 1,48 0,74 7,41 3,70
0.2 3500 0 30 435 61.10963636363637 4,78 1,37 3,19 0,23 4,10 9,34 2,28
0.5 1000 0 30 55 40.67216101694919 6,90 0,00 0,00 0,00 5,17 3,45 0,00
9.1 4000 1 31 662 45.53441176470591 3,39 1,03 1,47 0,15 2,06 7,52 1,18
0.0 10000 0 23 239 63.88416666666669 2,07 2,07 3,31 0,83 6,61 10,33 0,83
25.25925925925926 2700 0 30 695 41.384259414225966 3,62 0,70 0,84 0,56 2,09 5,71 1,81
0.17777777777777778 6750 3 30 329 58.37015949475489 4,17 0,89 1,49 0,60 0,89 11,01 1,49
0.0 10000 0 30 178 33.82642696629213 1,69 0,56 0,00 0,56 0,00 2,81 0,00
0.2352941176470588 3400 3 30 1631 63.077427001677364 5,93 1,15 3,40 0,29 2,59 6,85 1,04
2.1 5000 0 30 248 53.85937007874017 5,60 0,40 1,20 0,40 4,00 10,80 0,80
0.0 8000 0 60 585 61.6114054908486 4,05 0,51 3,04 0,17 3,04 10,64 1,35
0.0 12000 0 30 245 69.46506944444445 1,59 0,40 1,20 0,00 4,38 10,76 2,79
2.8000000000000003 5000 2 30 569 55.06461991932984 4,48 0,69 1,90 0,34 3,10 10,34 1,55
0.75 2000 5 30 547 50.7756831648658 2,84 0,83 1,84 0,67 1,34 9,35 3,67
0.0 15000 0 30 144 59.3559530791789 6,04 2,68 0,00 1,34 2,68 13,42 0,67
1.2142857142857142 7000 0 22 131 56.71694029850747 3,76 0,75 1,50 0,75 3,76 12,03 1,50
0.0 2015 0 30 209 64.36954545454549 5,14 2,80 2,34 0,47 1,40 11,68 1,87
6.5 1000 0 30 596 42.27265587573493 3,67 0,83 1,67 0,17 1,83 8,67 2,00
0.7142857142857143 3500 0 30 644 58.16320559707427 4,70 1,06 1,67 0,45 2,12 10,15 1,52
26.87727272727273 22000 0 27 85 63.60500000000002 5,38 1,08 0,00 1,08 0,00 15,05 3,23
0.0 550 3 15 1486 61.002664030829294 5,85 0,66 2,52 0,53 2,13 12,49 2,59
2.925531914893617 2256 0 30 465 53.065920043811644 3,23 0,60 1,41 0,81 1,21 6,65 1,41
1.5 3000 0 30 166 43.887449324324365 6,15 1,12 1,68 0,56 1,68 7,26 2,79
4.0 1750 0 57 302 42.51182907348246 2,62 1,64 0,66 1,31 4,26 11,15 3,61
9.387755102040817 4900 1 30 879 58.90672925547736 2,78 1,00 0,78 0,67 4,78 6,23 1,45
0.0 300 0 30 223 49.645428571428596 5,36 1,79 0,89 0,89 2,23 12,95 2,23
18.055555555555554 720 0 60 413 53.65755146181387 2,64 0,96 2,64 0,24 2,88 10,58 1,44
0.0 50000 0 20 537 35.979843037682514 5,94 0,54 2,16 0,54 0,36 7,01 1,08
1.4000000000000001 1500 0 42 398 42.389985660847884 3,51 0,25 1,50 1,00 1,00 5,01 3,76
0.0 600 0 30 205 56.926666666666705 4,23 0,47 1,41 0,47 4,69 8,92 2,82
4.0 1000 0 3 152 70.64061734443904 6,29 0,63 1,26 0,00 1,89 11,32 0,00
2.0 1000 0 21 478 62.83476285983956 3,67 0,61 2,24 0,20 2,85 8,15 2,04
0.0 3000 0 34 420 57.39682608695654 4,71 0,67 2,91 0,45 0,90 11,21 2,69
0.0 50 0 16 107 53.19071428571431 10,00 1,82 1,82 1,82 0,91 10,91 2,73
0.039 100000 0 30 85 65.34549450549454 3,41 2,27 1,14 2,27 2,27 14,77 4,55
101.74000000000001 5000 0 45 589 63.95640065146581 2,47 0,33 2,31 0,49 1,98 11,37 2,47
100.25200000000001 3000 0 30 420 66.63000000000001 4,74 0,47 2,37 0,24 1,66 13,74 1,42
147.0 3000 0 10 405 82.79892004773271 4,08 0,96 2,40 0,00 7,19 8,39 0,72
102.05 2000 0 30 237 60.958495467224566 2,52 0,84 0,42 0,42 4,62 10,50 0,84
100.96000000000001 2500 0 21 166 63.88733865602133 4,79 0,60 4,19 0,60 2,40 10,18 0,60
120.19999999999999 5000 2 56 836 67.7349325908558 5,14 0,84 1,56 0,00 1,67 11,84 0,72
113.9 8000 1 30 390 53.046072026800715 4,00 0,75 1,50 0,75 2,75 8,50 1,50
109.41666666666667 6000 0 30 589 62.12370593145441 5,56 0,84 1,85 0,17 2,53 13,80 1,85
101.12 5000 0 30 434 54.73439102564106 4,76 0,91 1,81 0,68 2,27 11,79 1,81
100.49999999999999 5000 0 71 103 66.3734210526316 1,80 0,00 2,70 0,00 0,00 12,61 0,00
188.08333333333334 6000 0 30 329 65.20547904191619 7,51 0,00 2,10 0,00 4,20 12,31 1,50
109.5 1000 0 31 178 58.61935234699942 7,18 1,10 1,10 0,55 4,42 17,13 0,55
102.5625 8000 0 30 159 73.48301724137932 4,73 0,59 2,96 0,00 4,14 7,10 0,00
106.63076923076925 6500 11 43 3147 57.229877699771976 4,65 0,88 0,82 0,16 4,02 6,40 1,76
106.05 1000 0 30 83 56.46069879518075 2,41 3,61 2,41 1,20 3,61 9,64 2,41
120.32857142857142 7000 5 34 371 59.343461538461554 6,25 1,30 1,56 0,52 1,56 10,42 1,30
111.62 20000 9 30 995 75.64068119636863 5,61 0,00 2,27 0,00 3,13 10,14 1,19
100.0 500 0 38 274 42.75650663206463 2,71 2,37 1,69 0,00 0,68 3,73 1,69
100.15789473684211 3800 0 30 249 50.44440642035133 6,32 0,79 0,40 0,79 0,79 10,67 2,77
143.5 5000 0 30 409 69.93644736842107 4,29 0,24 2,62 0,00 2,62 10,48 0,95
129.73333333333332 15000 4 30 1151 77.29479806848114 4,57 0,26 2,76 0,09 3,27 11,02 1,89
104.9655172413793 7250 0 27 564 54.42214457831329 5,75 0,52 1,92 0,35 2,26 8,89 1,92
113.16666666666666 600 0 28 124 61.97714285714288 4,03 0,81 1,61 0,81 4,03 14,52 1,61
150.0 3000 0 45 472 52.32012187538864 4,86 0,63 1,90 0,63 1,90 10,36 3,59
160.0 2500 0 30 227 41.61450216450217 5,68 0,87 3,49 0,87 2,18 10,48 0,00
218.58748 25000 0 30 364 67.92653820816867 4,66 0,82 1,37 0,55 2,19 12,33 2,74
112.66666666666667 3000 0 30 884 62.16401957274141 4,70 0,98 2,40 0,44 2,84 8,85 2,95
115.73714285714287 3500 0 18 133 50.70968421052632 3,79 0,00 2,27 0,00 3,79 12,88 0,76
138.1818181818182 550 0 60 613 81.55240078392946 3,05 0,96 1,28 0,16 4,33 14,29 1,28
120.83333333333333 1200 1 30 404 67.00599945235487 4,62 0,97 1,95 0,49 3,16 8,52 2,43
101.0 2500 1 30 400 56.71989106181914 6,75 2,00 2,00 1,00 2,50 11,75 0,50
151.0769230769231 6500 0 19 272 56.283478260869586 3,64 0,36 2,18 0,00 4,00 9,82 1,82
130.0 10000 0 30 217 72.64426421404684 7,41 0,46 2,31 0,00 1,85 14,35 2,31
121.42857142857142 700 0 14 316 55.05422764227646 7,29 1,52 1,22 0,00 0,91 10,64 0,30
100.0 2500 0 53 197 63.366095070422546 7,14 0,00 0,95 0,00 2,86 13,81 1,43
350.6666666666667 3000 0 30 382 38.9211728896104 1,56 0,52 0,52 0,00 1,56 5,21 2,34
102.77777777777777 1800 0 35 480 37.511578947368434 6,97 0,41 1,02 0,20 0,82 9,43 1,84
113.7 5000 0 30 364 68.73700000000002 7,24 0,54 2,41 0,00 1,07 10,19 2,14
166.66666666666669 1500 0 21 212 58.750214336746865 6,91 0,46 2,76 0,46 0,46 11,06 2,76
108.16 10000 0 36 664 61.843792525908114 4,71 0,88 2,36 0,74 4,27 10,60 1,18
4.380952380952381 1050 0 30 66 57.89800995024878 4,55 1,52 0,00 1,52 0,00 12,12 1,52
2.2770398481973433 5270 0 59 371 38.23941020440009 5,56 0,00 2,12 0,00 1,32 7,94 3,97
23.5375 8000 0 40 270 74.59745951417007 5,73 0,72 2,51 0,36 0,72 12,90 3,58
0.4 2500 0 30 372 87.27275286539736 3,35 1,29 2,06 0,52 3,87 12,89 1,80
4.0 2500 0 15 644 74.11173697157437 5,07 0,45 2,38 0,15 2,53 11,18 1,49
32.675 4000 0 40 206 45.345891587677755 2,84 0,00 1,42 0,00 2,37 10,43 0,95
0.0 2000 1 30 342 72.30221040040294 4,31 0,57 2,87 0,57 2,01 13,79 3,45
1.866666666666667 1500 0 60 41 100 4,76 0,00 2,38 0,00 0,00 11,90 7,14
6.666666666666667 600 0 60 111 61.53858108108109 7,21 0,00 1,80 0,00 0,90 10,81 5,41
19.25 2000 0 30 703 59.61100233100237 4,20 0,56 2,24 0,14 3,50 12,45 1,68
8.0 750 0 30 131 51.59000000000002 7,58 0,76 1,52 0,76 2,27 9,09 2,27
0.15384615384615385 65000 0 30 199 49.0551029748284 3,92 0,98 0,98 0,98 3,43 9,80 1,47
0.0 1000 1 12 668 54.92673913043478 5,20 0,89 2,38 0,45 1,19 9,21 0,89
15.0 5000 0 30 183 64.24149758454108 5,46 1,09 1,64 0,00 0,55 13,11 2,73
1.0 1500 0 10 307 59.57495780590716 6,03 0,32 2,22 0,32 3,49 12,38 2,54
0.06 10000 0 20 831 67.91660614312374 4,51 0,24 2,61 0,36 2,97 13,76 1,54
0.3 20000 0 30 405 53.17043843283582 1,75 0,75 2,24 0,25 2,24 12,47 1,25
0.5454545454545455 5500 0 30 183 64.54708196721313 7,10 0,55 2,19 0,55 1,64 12,57 5,46
0.0 3500 0 30 413 70.93951026856243 3,34 0,24 1,19 0,00 3,82 12,89 3,10
12.5 2000 0 39 469 52.984462474645056 1,61 0,20 0,81 0,20 0,40 4,23 2,42
2.0 5000 0 57 147 45.316124401913896 4,61 0,00 0,00 0,00 0,00 6,58 1,32
7.222222222222221 27000 0 30 891 54.27972613443973 1,98 1,10 0,44 0,44 1,54 8,37 0,77
5.2 2500 0 30 140 52.11928571428574 2,14 0,71 1,43 0,71 1,43 10,71 2,86
9.20075 16000 0 60 382 57.6019220779221 7,57 1,31 2,35 0,52 2,61 10,18 1,04
33.57 10000 2 60 414 46.14301713586295 2,81 0,47 0,47 0,23 0,94 6,09 2,81
41.20740740740741 13500 1 47 1125 45.41647992456981 3,06 0,70 1,31 0,17 4,11 6,99 1,22
5.855111111111111 13500 6 19 2998 63.38659235115169 4,72 0,73 1,73 0,30 2,63 11,40 1,56
20.833333333333336 600 0 30 313 57.403414906832296 4,09 0,63 1,57 0,94 1,26 13,21 1,57
32.800000000000004 7500 6 32 856 58.39188089486055 3,65 0,11 1,11 0,22 1,44 7,52 0,66
0.38461538461538464 39000 0 45 293 49.753738738738775 1,69 0,34 0,00 0,34 2,03 12,84 1,01
2.857142857142857 5600 2 30 472 31.894500000000022 5,03 0,21 1,05 0,00 0,84 5,66 2,10
11.362007168458781 2790 0 12 261 43.23673154981552 4,81 0,37 2,59 1,85 1,11 7,04 1,48
12.666666666666668 300 1 31 151 45.15749367088608 5,13 1,28 1,28 1,92 0,64 7,69 0,64
17.599999999999998 25000 0 33 270 38.86700089928058 2,18 0,73 0,73 1,09 2,91 4,73 1,09
63.33333333333333 750 8 35 700 58.47188684370656 4,63 1,12 0,70 0,70 2,38 10,24 2,24
0.6 500 0 30 70 60.25706081081083 5,41 1,35 4,05 1,35 1,35 13,51 1,35
0.8853125 48000 0 45 1078 50.20138248847928 6,70 0,19 2,70 0,19 1,77 9,67 1,40
28.499999999999996 1000 0 27 380 39.260232558139535 6,25 1,30 1,30 0,78 3,39 7,55 1,30
0.5 1400 4 30 359 63.802012882447684 5,79 0,55 1,93 0,28 3,31 10,19 1,65
6.428571428571428 700 0 90 722 63.883131136044895 4,50 0,82 1,36 0,27 5,31 9,67 0,82
3.3333333333333335 1500 0 45 246 60.478744939271266 7,72 0,41 4,47 0,41 2,44 11,79 2,85
25.744934445768774 5873 5 43 589 46.7052808591626 2,51 0,50 2,68 0,67 1,67 8,70 5,02
13.900000000000002 1000 5 30 1408 48.452090488395925 1,80 1,04 0,83 0,14 1,73 2,77 0,83
17.68 10000 0 60 176 50.420975114271215 2,23 0,00 3,35 0,00 0,56 10,06 3,35
13.5 2000 0 41 321 39.81325174825176 2,76 0,00 0,61 0,00 1,84 7,36 1,84
41.08 50000 3 30 386 23.05704634282526 0,74 0,74 0,00 0,25 0,00 0,50 0,00
0.05 4000 0 50 37 32.57641891891893 5,41 2,70 0,00 2,70 0,00 8,11 2,70
0.0 500 0 43 497 51.12291228070177 5,13 0,79 3,16 0,39 2,17 10,65 0,39
16.071428571428573 14000 0 30 985 40.13193569553809 5,70 1,10 2,30 0,90 1,00 11,00 2,30
0.0 2500 0 60 391 51.73268141945775 2,86 0,48 0,48 0,48 2,86 7,62 1,90
48.84615384615385 1300 0 30 207 60.99581521739131 2,90 0,48 0,97 0,48 7,25 7,73 0,48
0.005555555555555556 18000 0 29 178 48.76484848484853 1,82 0,61 0,61 0,61 1,82 9,70 1,21
1.0 1000 0 30 229 46.59250000000003 7,26 0,43 2,14 0,43 2,14 10,26 2,99
26.700000000000003 3000 0 30 339 52.73437062937066 3,74 0,57 2,59 0,57 3,45 6,61 1,72
16.400000000000002 250 1 30 355 33.833268442622995 4,17 1,11 1,67 1,11 2,22 10,00 0,83
1.0 5000 9 59 1116 45.81088392558763 5,53 0,54 3,75 0,45 2,05 11,06 0,98
23.1 1000 0 59 228 21.780146288209608 7,02 0,44 2,19 0,44 0,88 5,70 1,32
3.7001 10000 1 30 1014 43.64879831932774 4,62 0,19 3,95 0,29 1,44 9,82 1,92
2.0 5000 0 56 305 19.33764283947565 4,21 0,32 0,65 0,65 0,00 7,77 1,62
2.6 5000 0 30 185 48.14361111111111 4,68 0,00 0,85 0,00 0,85 9,36 2,13
0.0 8000 4 30 217 45.24200000000002 5,12 0,47 0,93 0,47 0,00 9,77 2,33
34.66666666666667 4500 25 32 1273 46.25511981172443 3,23 0,69 1,15 0,69 2,54 6,53 1,38
100.123392 125000 4 23 776 58.83990983630477 3,16 0,89 0,76 0,76 2,78 6,08 1,77
106.36000000000001 10000 0 29 449 51.52953572447913 3,31 0,22 1,99 0,22 1,10 8,17 3,31
130.31161111111112 18000 9 30 602 55.49356854838712 5,90 0,16 2,30 0,16 2,79 10,82 1,64
101.16666666666667 15000 0 16 551 61.38614864864866 6,15 1,08 1,27 0,36 3,80 6,51 1,08
119.17857142857142 2800 12 33 1023 64.1239286551078 4,26 0,68 2,81 0,29 3,78 9,00 0,97
131.7418181818182 27500 5 30 1157 57.60240671641793 3,03 0,34 2,19 0,17 1,68 7,32 1,52
276.28 20000 10 30 403 35.27940237226278 4,43 0,74 0,99 0,25 1,72 6,90 1,23
117.24166666666666 12000 0 30 486 62.345686556231726 5,13 0,62 1,85 0,41 3,70 8,21 2,05
117.63999999999999 7500 4 30 463 56.30901069246438 4,63 0,63 1,26 0,63 1,89 8,42 3,79
238.75799999999998 10000 1 45 1995 48.05910066187431 3,94 0,59 1,92 0,10 3,25 8,37 1,43
101.31176470588234 8500 0 40 535 62.119838709677424 5,32 0,92 1,47 0,37 2,75 8,99 1,83
100.0 3800 14 30 1392 63.946986042110254 4,22 0,50 2,36 0,07 4,00 9,65 0,93
104.08333333333333 18000 5 23 1394 59.93462776033101 4,86 0,27 1,78 0,27 2,53 8,01 0,96
102.49999999999999 3000 1 33 308 53.41597268487678 2,86 0,63 0,00 0,63 0,63 5,40 1,59
114.65 60000 5 37 398 70.0943255131965 4,62 0,97 2,68 0,49 2,92 12,65 2,19
102.48401826484019 10950 3 30 392 56.71868781725891 5,82 0,25 2,78 0,25 2,03 12,15 2,03
100.08888888888889 1125 2 29 522 68.359274991912 4,86 2,34 1,44 1,26 2,34 9,01 0,90
107.0 500 0 53 309 59.36250000000001 4,44 1,18 1,48 0,30 1,48 10,06 1,18
101.63416666666667 150000 33 31 3715 51.182693333785096 4,39 0,56 1,82 0,08 1,88 7,54 1,56
154.09666666666666 30000 3 30 911 49.746462939297146 4,49 0,32 1,60 0,21 2,89 6,84 2,46
151.95875 2400 11 30 975 32.593121305661384 3,04 0,91 1,11 0,20 1,01 5,37 2,13
211.7937 20000 6 45 1449 53.18818323493167 3,24 0,46 2,38 0,46 1,32 10,11 2,12
163.72394 50000 45 30 1450 52.610701723016916 3,59 1,20 2,13 0,53 1,59 8,64 0,93
125.57000000000001 20000 36 45 2383 50.40951175437527 3,88 0,42 2,00 0,50 2,96 9,56 0,83
102.179 300000 27 30 2532 50.21637640449441 4,23 1,36 2,04 0,49 2,61 8,81 1,74
148.791 8000 11 45 1259 54.476069767441885 3,27 0,62 1,63 0,31 1,71 8,09 2,26
121.22200000000001 50000 24 30 2490 49.63511337096148 2,84 0,87 1,14 0,08 3,71 8,24 1,62
106.64505 20000 0 63 261 56.961135228582435 2,95 0,00 1,11 0,00 4,80 8,86 2,21
108.69 30000 21 29 1324 45.36443235662412 3,47 0,75 1,28 0,45 2,64 8,82 1,43
128.78917333333334 75000 61 38 2770 49.190157614483496 4,54 1,32 1,97 0,43 1,79 7,19 1,50
125.09751333333332 150000 33 39 3965 48.656399481889366 4,11 0,39 1,92 0,05 2,51 6,05 0,96
121.44215 100000 4 37 915 68.15669442053373 2,94 1,05 2,31 0,21 3,68 10,52 1,79
113.83014999999999 200000 65 30 2930 49.14864203169057 4,90 1,22 2,33 0,37 1,28 10,57 2,13
287.08183818181817 550000 64 30 4364 35.67453622105373 3,52 1,96 2,14 0,41 1,58 6,99 1,67
130.89357142857142 7000 20 30 1204 53.23286157693573 2,92 0,87 1,18 0,24 2,45 6,95 1,58
120.25758333333334 12000 8 30 497 64.27065268065272 3,55 1,18 1,38 0,39 3,16 10,45 1,58
117.15266666666666 3000 0 30 572 69.36965528146744 3,59 0,65 0,98 0,16 1,31 10,28 1,63
125.88125 8000 7 30 1751 52.76909883087313 4,30 0,72 1,98 0,33 1,98 9,87 1,82
100.32308 50000 39 30 2179 63.19362322779992 4,89 1,30 3,14 0,13 2,06 8,07 1,52
165.86506 50000 43 34 1660 67.13864182692308 3,29 1,53 1,35 0,65 1,24 10,00 1,47
126.56666666666668 3000 31 60 984 52.23767423504768 4,85 2,37 1,48 0,69 1,29 6,23 1,48
6263.528 1000 18 24 1032 52.81812983596413 4,10 2,39 2,19 1,34 1,62 11,64 2,96
114.48756907832052 78715 4 16 627 41.23264991850729 4,81 0,16 1,71 0,78 1,55 9,63 1,40
288.6306666666667 1500 8 23 1394 57.030463776785865 3,41 0,36 1,67 0,15 2,18 10,31 0,87
119.12514583333333 48000 50 31 2055 42.4274052824845 2,85 0,64 1,18 0,29 1,72 8,34 0,88
118.44424000000001 25000 13 30 977 61.827352941176486 3,09 0,30 1,30 0,10 3,69 6,88 1,20
301.064 25000 35 30 2120 66.2319495033113 2,78 0,22 1,72 0,09 2,60 6,96 2,47
123.72000000000001 5000 11 30 1589 64.1172643244735 4,76 0,75 2,12 0,11 1,26 9,87 1,03
108.5 1000 0 42 402 55.85581947743472 5,52 0,48 4,32 0,24 1,44 8,63 1,44
321.6625 4000 17 30 1595 55.35019971043138 2,42 2,49 0,99 1,55 1,24 8,64 2,92
128.30954 50000 32 30 1739 46.11342984082631 3,74 1,30 2,04 0,28 1,02 8,79 1,42
381.17507142857147 28000 31 30 1258 54.723950784011606 5,20 2,29 2,21 0,55 2,84 11,51 1,02
123.91111111111111 9000 24 25 3342 37.72625322422036 4,03 1,73 1,25 0,51 1,05 8,60 2,45
132.97539999999998 50000 44 30 2314 67.16293148226073 4,39 1,73 1,73 0,72 3,16 8,10 1,31
348.63375 800 5 30 718 76.98989993125049 2,20 1,51 1,93 0,41 3,30 11,28 1,65
131.81213642213643 77700 63 28 3677 57.7256407991803 4,11 1,80 2,18 0,84 1,61 8,94 2,02
122.93077647058823 85000 53 30 2443 45.43697347067203 3,97 0,89 1,91 0,32 2,59 7,62 1,91
146.54149999999998 2000 10 30 596 52.585000000000036 2,01 2,01 1,34 0,67 0,50 7,69 4,01
423.7 1000 0 15 1084 70.09332680626602 4,50 0,97 1,77 0,44 2,29 11,12 3,27
915.2884 7500 51 30 2036 60.28222938588925 2,56 1,87 2,41 0,79 1,38 9,74 4,23
172.57233333333332 3000 35 32 680 46.883979472140794 4,28 1,33 2,21 0,59 2,65 6,34 1,62
108.932 2500 51 30 1794 52.029918379530955 3,47 2,56 2,29 0,32 0,43 8,06 2,24
130.7095 12000 27 30 1682 53.220947104806044 3,91 1,13 3,14 0,18 0,89 10,31 3,14
120.96274999999999 20000 24 30 1489 53.83871794871797 7,60 1,00 3,80 0,27 1,40 9,00 2,27
112.30777777777779 4500 4 45 359 49.887202851925935 3,25 0,27 0,81 0,00 1,90 8,13 1,63
102.0888888888889 4500 48 30 1625 62.65617800729041 5,14 3,79 2,87 1,16 2,20 7,22 0,80
177.15454000000003 50000 6 30 1244 59.44769162252123 2,38 1,75 1,03 0,56 2,06 9,21 1,98
115.83333333333334 15000 11 30 501 66.44882352941178 4,98 0,80 4,38 0,40 1,79 10,76 1,39
110.678425 40000 27 30 1741 48.67274797570852 3,67 1,07 1,64 0,34 1,35 8,92 1,52
106.15239999999999 10000 29 29 2185 56.9170120182346 3,00 0,67 2,78 0,36 2,24 9,60 2,83
512.1108666666668 30000 1 30 992 48.29800663716816 5,14 0,99 2,57 0,20 2,27 7,81 1,98
469.26635 40000 43 30 1784 47.669754483200904 4,82 1,90 2,55 0,38 1,84 8,72 1,73
106.60000000000001 2500 34 41 1772 46.537911897239326 2,86 1,46 1,79 0,67 1,79 8,81 1,63
109.80588235294118 8840 6 30 861 52.23244642173751 3,59 0,70 2,55 0,00 1,39 12,51 1,85
132.04784615384617 6500 0 30 595 42.85942307692309 3,36 0,84 1,17 0,50 2,01 7,55 2,01
105.15168539325843 35600 51 31 1496 63.701854143193714 3,37 0,88 1,62 0,34 2,76 10,57 1,89
105.80433333333335 6000 3 30 1875 49.85166189601867 4,20 0,84 2,47 0,26 1,68 8,24 1,84
180.87 10000 28 30 1236 48.96849299507764 3,37 0,80 2,97 0,24 2,65 9,46 2,00
144.26000000000002 10000 57 40 3799 48.970075762039215 3,44 1,96 2,01 0,50 5,14 5,21 1,04
146.41666666666666 12000 18 30 790 53.90886792452832 4,44 1,65 1,01 0,63 1,77 9,13 2,53
1048.6399999999999 1000 7 30 330 52.35003016591253 2,89 2,60 1,16 0,29 2,02 10,98 2,02
110.49 10000 8 30 675 52.00165995975857 3,40 1,56 0,99 0,43 1,42 9,50 2,70
232.26666666666665 3000 2 60 493 48.89903891050585 3,98 1,19 1,19 0,20 1,39 9,74 2,19
265.709625 40000 43 30 3568 57.16914560191094 3,30 0,76 1,65 0,36 1,54 9,69 2,83
137.20757142857144 70000 34 28 2971 54.3219724193209 3,54 1,23 1,82 0,60 2,35 8,81 1,49
103.076 50000 50 30 1780 51.690495311055344 2,73 2,50 1,72 0,67 1,67 9,79 1,45
131.03654 500000 7 30 926 66.96946413462443 4,70 0,63 2,93 0,10 3,66 7,42 1,25
493.62000000000006 5000 22 46 706 57.527164835164854 3,07 0,84 2,51 0,14 1,53 10,32 1,95
109.80000000000001 3500 8 30 716 47.63834715042242 4,07 2,66 1,12 0,42 2,66 9,68 1,82
138.33837499999998 80000 45 35 1577 57.98028562897562 3,86 1,14 1,52 0,32 3,86 8,60 1,71
229.93333333333334 3000 0 30 389 63.976587795765894 5,24 1,14 1,59 0,23 1,82 8,66 1,37
157.0 1000 20 30 1523 55.86777917716205 2,47 2,79 1,27 0,57 1,65 7,98 2,47
426.87497199999996 500000 22 32 3046 49.093517285519994 2,77 1,11 2,45 0,49 1,34 8,71 1,63
110.9 10000 23 34 1404 51.13787328375287 4,12 0,41 2,50 0,27 2,16 11,07 1,35
147.650592 125000 36 10 1247 50.438754683840756 5,20 0,71 2,44 0,24 3,15 11,19 1,65
184.66666666666666 3300 5 30 829 52.04776875250704 3,62 0,97 1,33 0,36 2,17 10,75 1,69
185.93 20000 7 32 1168 53.57730924241602 4,10 2,43 2,18 0,34 1,26 7,87 2,18
516.13 3000 0 30 524 60.13565878378381 4,91 1,27 1,82 0,36 0,73 5,27 1,45
1714.226 10000 32 30 2214 56.84984639272989 3,32 1,75 2,33 0,58 2,33 9,69 3,36
141.0 5000 11 30 2367 71.32803431921482 2,63 1,48 1,60 0,68 2,51 8,90 1,40
126.26528640000001 1250000 28 60 3497 56.6131081946223 2,26 2,00 1,64 1,33 1,87 7,74 1,31
204.4512327119663 8315 17 30 1174 63.43830669211502 3,40 1,66 1,08 0,58 1,82 9,44 1,33
402.875125 8000 44 30 1123 60.50713303082688 6,85 1,49 1,93 0,44 1,67 10,28 2,11
202.7332857142857 7000 0 45 848 55.96651671260739 3,49 0,81 1,05 0,23 4,31 10,36 1,28
109.525 12000 29 32 2547 47.18046273079554 2,89 2,07 1,09 0,23 3,63 5,62 1,33
102.03500000000001 40000 12 30 1486 52.518346814964616 3,15 1,21 0,74 0,47 3,02 9,26 1,21
119.2885 50000 39 38 2052 58.74805058568981 2,89 1,18 2,15 0,39 2,20 10,04 2,11
126.38575 40000 22 30 2098 52.52901010858153 2,17 1,18 1,79 0,24 1,93 6,64 1,70
170.954 100000 9 60 1608 51.29728915662653 5,59 0,31 1,72 0,25 1,35 10,38 1,17
117.91285 20000 6 30 1157 53.904883994510186 4,44 1,45 1,97 0,51 2,91 9,66 1,88
254.57 5000 0 30 405 47.80829568273094 4,20 0,74 1,98 0,49 3,21 9,14 0,99
235.68200000000004 7500 0 29 1152 43.15736881399317 1,97 1,11 1,80 0,43 0,51 7,96 2,22
129.48338461538464 6500 4 45 579 59.10359338735293 4,08 1,53 0,51 0,51 1,02 10,88 2,72
201.82999999999998 10000 0 36 362 56.62636200716847 5,41 1,08 1,62 0,27 1,35 8,11 0,54
131.44291666666666 12000 38 37 4316 64.21922747715074 4,00 1,43 2,25 0,50 1,79 9,40 2,93
143.80083333333332 6000 0 30 847 64.58305835921328 3,55 0,92 1,83 0,00 1,95 9,05 1,26
145.3629 50000 48 30 1670 43.6373663522013 3,68 1,25 1,60 0,53 2,67 8,67 1,54
413.0 1000 16 26 1197 46.06153331635457 5,02 0,58 1,40 0,25 2,06 8,06 1,40
317.28166999999996 100000 29 30 3330 43.1252729641694 4,42 1,46 2,60 0,12 1,14 8,12 1,64
102.39353846153847 13000 4 30 1125 61.61422916016912 5,86 0,17 1,98 0,00 3,36 10,09 1,47
114.402 7000 37 30 3427 57.996188908708405 4,23 1,80 2,17 0,90 1,36 9,62 3,07
171.270858 500000 64 32 2178 49.24369127516778 4,56 2,46 2,05 0,68 2,69 8,20 1,28
416.29560922063666 9110 20 30 1073 49.48897670323717 3,74 2,25 1,12 1,22 1,68 9,92 2,62
122.02052 50000 37 35 3803 50.39293689938208 3,66 1,40 2,48 0,32 1,16 5,59 2,85
114.31858333333334 12000 8 30 987 49.73595382253873 5,41 0,10 1,20 0,00 1,90 8,22 2,40
117.33333333333333 1650 0 30 855 45.6169677033493 3,39 4,68 1,75 0,94 1,87 8,07 0,58
128.416 100000 35 30 2855 50.575268088206315 4,35 2,07 2,69 0,31 0,83 8,83 1,73
133.42075 8000 7 22 525 66.46788306451614 5,14 1,10 1,47 0,18 1,65 6,42 0,37
116.77888333333333 60000 64 28 3004 51.87836113837099 2,99 2,40 2,01 0,59 0,92 8,81 2,63
366.46940909090915 44000 47 35 2279 44.02553448011059 4,01 2,22 2,44 0,26 1,79 6,97 2,00
127.972 75000 67 24 3459 44.00746648177676 3,29 1,06 2,15 0,23 1,20 7,85 1,66
231.54939999999996 5000 3 30 740 56.38764044004549 3,55 0,13 1,71 0,26 0,92 11,18 2,24
171.88619599999998 250000 22 40 1372 52.60250620347398 5,52 0,44 2,47 0,29 2,03 9,51 1,60
113.55358947368421 95000 53 31 1855 54.39673846153846 6,00 1,66 2,68 0,43 0,75 7,66 2,14
717.0977777777778 225 0 16 349 59.26342403932085 4,09 0,27 1,09 0,27 1,63 8,45 4,90
188.8206 15000 37 30 1590 57.86443646996278 4,18 1,15 2,91 1,03 2,18 9,87 2,18
312.15999999999997 15000 10 34 2113 34.64122770028345 3,85 0,80 1,55 0,23 2,35 5,35 0,85
125.3675 20000 21 30 2308 51.82120376874448 3,49 0,38 2,31 0,25 1,35 7,57 2,52
0.077 500000 15 40 959 58.96927226986432 4,44 1,73 0,65 0,98 1,52 10,51 1,30
0.7466666666666667 15000 0 9 275 56.432517985611526 3,26 0,36 2,54 0,36 0,72 12,68 2,90
0.198 50000 3 30 909 60.142107066381186 4,63 1,40 2,48 0,43 1,94 10,24 2,48
2.41 80000 29 30 1541 39.67523536904832 3,89 2,17 1,15 0,13 1,85 6,75 1,21
1.291111111111111 45000 7 30 454 47.665538138332266 4,18 1,32 1,54 0,44 0,88 8,57 1,76
0.436 25000 29 45 676 53.11832918094055 4,89 3,11 1,93 0,59 1,19 8,89 2,81
0.031275720164609055 60750 4 29 370 52.13421768707485 3,05 0,76 1,78 1,27 1,78 7,38 2,29
0.0 100000 5 60 297 42.59124880611273 2,03 0,29 1,16 0,29 1,45 4,36 3,78
7.380000000000001 5000 0 36 579 32.86747298965895 5,82 0,34 5,65 0,68 2,23 9,25 2,57
0.01 10000 39 60 846 87.39048169116977 1,60 2,45 5,02 0,32 0,64 6,83 4,38
0.75 4000 12 30 466 55.19129536645528 6,05 1,08 2,59 0,86 1,73 12,10 1,94
0.23366666666666666 300000 55 60 2079 54.12602112676058 4,58 1,54 2,20 0,33 1,87 7,76 2,62
0.0 25000 0 30 627 59.52425396825399 4,46 0,48 3,98 0,16 0,96 11,46 3,34
1.3299999999999998 10000 0 30 1334 57.01728313995497 2,91 1,64 2,09 1,12 0,89 11,71 3,73
0.97 50000 8 30 930 55.44543731321701 3,62 0,43 2,03 0,21 1,17 8,10 2,13
13.769166666666665 60000 10 30 1535 63.60014678082956 2,85 1,58 1,77 0,70 1,27 11,02 1,65
14.066666666666666 3000 31 42 521 48.50327230579998 3,87 3,87 0,92 0,18 0,74 9,04 1,85
0.7000000000000001 15000 2 30 590 52.92602402745996 4,86 1,78 1,78 0,32 1,30 9,56 1,13
18.425 4000 0 60 394 69.60592840283242 1,46 0,73 0,49 0,00 1,22 10,95 0,97
0.04 5000 3 30 980 50.29499643101224 4,46 3,37 1,98 0,10 1,29 8,03 2,48
0.0 50000 0 30 671 42.95000547885164 3,70 0,44 1,33 0,44 1,18 6,95 3,11
0.0 500000 3 30 620 57.95653847868738 3,38 0,32 2,25 0,32 0,64 9,34 2,90
0.0 30000 5 37 574 65.9554285714286 6,24 0,84 3,37 0,67 1,52 10,62 2,53
5.915 20000 0 30 318 54.66684873949583 2,50 0,31 1,56 0,31 0,94 10,62 3,12
1.0 1000 0 30 164 62.387483781279 4,85 2,42 1,21 1,21 2,42 10,30 1,21
0.0 989500 5 60 1645 47.82510802939163 2,38 0,30 1,37 0,24 4,17 6,31 0,66
0.125 20000 1 30 542 80.9750933508025 4,60 0,92 2,02 0,74 3,68 10,66 1,29
0.0 20000 0 30 335 58.873188691650256 5,34 0,30 2,08 0,30 0,30 11,87 3,26
0.0 300000 0 60 861 50.436789855072476 5,06 0,81 2,07 0,81 1,38 9,21 2,19
0.0 275000 1 30 329 56.690943912448716 4,71 0,88 2,06 0,59 1,18 9,41 2,35
0.016666666666666666 150000 0 30 226 36.536850638151094 4,93 0,90 0,00 0,45 0,90 6,73 1,79
0.0 150000 0 60 184 58.555036292574016 8,11 0,54 4,86 0,54 3,24 14,59 1,62
0.0 150000 0 31 525 35.89250000000001 3,61 1,90 1,90 1,33 1,90 7,97 1,90
0.0 5000 0 58 135 54.90283211678832 3,68 1,47 0,00 1,47 0,00 13,97 1,47
0.8 15000 0 30 338 57.04893228773943 4,39 0,88 1,75 0,58 1,46 11,70 3,51
0.013333333333333334 75000 0 60 234 48.12192307692311 4,27 1,28 3,85 1,28 0,43 15,81 0,00
0.0 375000 0 30 92 52.417318840579725 5,43 2,17 1,09 1,09 0,00 6,52 3,26
0.0 100000 0 30 351 47.0496052631579 4,42 1,18 0,29 0,59 2,06 7,08 3,83
0.0 85500 0 10 234 44.680287686996564 6,78 0,42 0,42 0,42 0,85 11,44 0,00
0.0 30000 0 60 72 -1.3700000000000045 4,17 4,17 0,00 5,56 1,39 22,22 1,39
0.0 28000 0 60 163 61.84479189686925 1,63 1,09 1,63 0,00 0,54 5,98 0,54
0.0 100000 0 30 400 48.9609090909091 4,15 0,92 2,07 0,69 1,38 10,37 3,00
0.9000900090009001 3333 0 45 222 61.86500000000001 4,42 1,77 3,54 1,33 1,77 9,29 1,77
19.05 2000 0 30 236 51.55053277545329 5,86 0,42 1,67 0,84 0,42 10,46 2,09
1.1578947368421053 9500 3 38 774 49.573985727728996 4,58 0,76 1,78 1,02 2,54 10,94 1,91
3.3333333333333335 750 0 45 726 62.897083600794744 4,31 2,78 1,67 0,56 1,39 10,14 2,36
5.648000000000001 25000 0 30 672 59.78854527938347 3,66 1,02 1,32 0,73 1,32 10,54 2,49
13.63 10000 0 42 668 59.02611535662302 6,75 1,91 1,91 0,15 0,88 9,99 1,03
12.879999999999999 10000 1 45 1150 59.797731042714474 4,35 1,96 1,45 0,51 2,39 9,98 1,37
18.762857142857143 35000 4 30 468 50.32137685950417 4,24 2,12 2,12 0,85 2,97 9,75 1,48
5.660566056605661 9999 2 30 682 55.98957360663698 4,66 1,23 1,51 0,41 1,23 12,05 0,82
1.6500000000000001 2000 6 30 596 81.28082427536232 3,11 1,64 3,11 0,98 1,64 12,44 4,09
0.02666666666666667 3750 0 30 380 56.2150863422292 1,82 2,08 0,00 0,26 2,60 7,81 3,91
9.84375 6400 0 60 171 60.12635767790263 2,87 2,87 2,87 0,00 0,57 9,77 0,57
0.00923076923076923 65000 0 30 498 54.992594059405974 2,40 0,40 1,40 0,40 0,80 10,38 5,19
0.7000000000000001 1000 0 30 953 59.309652177417746 5,76 1,54 1,13 0,72 3,29 12,02 0,72
0.2 2500 0 30 148 46.17894736842106 2,65 0,00 1,99 0,00 0,00 11,26 4,64
0.13333333333333333 7500 0 51 156 41.273821656050984 3,87 1,29 0,65 1,94 0,00 10,97 0,65
0.6666666666666667 300 0 20 257 65.8671323833127 3,79 3,41 0,76 1,14 3,41 9,09 3,03
1.7699115044247788 565 0 7 405 62.11729115977295 5,87 1,71 1,47 1,22 0,73 12,47 3,91
0.10200000000000001 50000 0 30 237 57.828838912133875 4,64 1,27 2,11 0,84 0,00 10,55 2,95
1.3333333333333335 7500 0 45 574 42.094524441076175 3,29 2,31 0,66 0,66 0,82 2,64 0,99
0.40545454545454546 55000 0 32 481 51.69080245398774 4,97 1,24 1,66 0,83 0,83 10,56 1,45
22.678571428571427 2800 0 27 244 55.90975609756097 5,28 2,44 2,44 1,63 3,66 10,98 1,22
0.0 10000 0 45 295 55.891358520900354 2,89 0,32 0,96 0,64 1,29 8,36 3,22
2.8666666666666667 15000 8 25 1905 51.24321942724458 4,93 1,42 2,62 0,94 1,78 10,01 2,10
7.199999999999999 500 3 21 604 60.900105769230805 3,80 2,64 0,66 1,16 2,98 9,26 0,83
36.730000000000004 20000 11 30 2180 50.14793296278839 3,75 0,80 1,56 0,31 2,73 6,17 1,12
0.13333333333333333 75000 0 30 162 51.01759467455622 3,55 7,10 2,96 3,55 2,96 7,10 1,18
27.769230769230766 6500 0 30 376 69.89374529270799 3,19 1,60 1,86 0,27 2,93 15,16 2,39
0.2468888888888889 4500 0 35 210 46.20141549295778 1,41 1,41 0,47 0,94 1,41 7,04 2,35
2.75 2000 3 25 743 44.184976780185764 3,15 2,63 1,18 1,05 2,89 5,12 1,18
3.0 5000 0 30 560 68.09865853658539 1,94 0,88 1,23 0,70 1,76 13,73 1,76
0.0 5000 22 30 2755 36.62292897422128 1,39 0,54 0,61 0,21 1,11 2,79 0,68
0.54 50000 3 30 388 73.1582474620258 3,81 2,03 1,52 1,52 4,57 14,72 1,52
0.0 50000 0 44 144 56.447191780821925 3,42 4,11 2,74 1,37 2,74 14,38 1,37
0.0 2560 0 35 276 65.90680885780887 6,79 1,07 0,71 0,36 0,36 14,64 1,07
0.0 1000 0 29 170 61.60933094994894 3,43 3,43 0,00 1,71 4,00 10,86 1,14
0.0 1500 0 13 260 59.553879310344854 2,68 2,68 0,77 0,38 0,38 13,79 2,30
0.0 5000 17 30 498 54.79371606850063 2,64 1,42 2,64 0,41 1,42 13,62 1,63
106.4695 4000 0 30 266 57.753878446115294 3,76 1,88 2,63 1,88 3,38 15,41 0,38
100.8 2500 0 30 89 61.40681818181821 5,68 0,00 1,14 1,14 1,14 11,36 0,00
129.0 500 0 30 62 53.50026881720433 0,00 6,45 3,23 0,00 3,23 11,29 0,00
103.175 20000 0 30 618 42.52318443726443 4,55 0,49 1,62 0,49 0,65 9,09 2,27
109.63636363636364 550 0 60 152 48.647016129032295 2,58 0,00 0,00 0,65 0,00 13,55 1,94
105.88235294117648 1700 4 30 693 61.05698266813448 7,13 0,27 1,37 0,27 2,06 9,47 1,51
110.3 2000 0 30 431 41.9266836734694 5,01 1,59 0,68 0,68 2,28 8,43 0,91
112.6 3500 4 36 648 65.05429397590365 3,98 1,53 2,14 0,76 4,13 8,56 1,07
106.5 5000 1 30 1042 45.23536862003783 4,84 0,47 1,33 0,00 0,38 7,22 1,52
106.96666666666668 3000 5 38 1257 69.84212781321187 2,14 0,84 1,60 0,23 3,36 8,10 1,68
100.1 5000 0 20 296 43.14980237154151 7,38 1,01 1,34 0,34 3,02 8,05 4,70
120.83333333333333 3000 0 30 52 56.87411764705885 1,96 1,96 0,00 1,96 1,96 15,69 0,00
103.42857142857143 700 0 20 259 50.90004056795132 5,38 0,77 1,15 1,92 0,77 10,77 0,77
186.60000000000002 500 0 36 456 52.99820526665559 4,80 1,09 0,87 0,87 0,66 8,95 1,75
128.78138888888887 3600 4 24 540 60.61277272727274 4,61 1,29 1,29 0,74 1,11 12,18 0,92
121.10000000000001 2000 0 36 261 68.95598684210528 3,47 0,35 1,39 0,00 0,00 10,07 0,69
100.15384615384615 6500 1 29 423 47.586183800623076 3,02 0,46 1,39 0,23 0,46 8,35 2,32
110.16666666666666 600 0 30 640 49.76626687116567 4,66 1,86 1,55 0,62 1,24 9,01 1,86
102.61538461538461 6500 0 30 315 59.44977678571429 3,68 0,31 2,76 0,00 3,68 7,98 3,07
129.20000000000002 500 3 30 294 67.53943688118812 4,00 2,67 2,33 1,67 0,33 9,67 0,67
111.92500000000001 4000 1 30 403 63.63924657534247 2,05 0,46 0,91 0,68 2,96 7,97 2,28
117.5 1200 0 30 530 59.0694715422826 3,75 1,31 0,94 0,75 2,44 9,38 2,44
135.45000000000002 4000 0 65 891 48.58340281606027 4,19 2,43 2,54 0,22 1,32 7,73 2,21
106.66666666666667 4500 0 30 214 49.91500000000002 1,86 0,47 0,93 0,00 0,47 7,44 2,33
105.26666666666667 9000 11 30 905 47.86416981132078 4,25 1,28 0,74 0,64 0,64 7,65 1,59
111.3 10000 23 60 854 49.47259946848902 1,93 1,25 0,23 0,34 1,47 5,32 0,79
100.4 4000 4 27 860 49.82836175121321 4,16 0,46 1,27 0,46 1,85 10,62 2,31
100.26875 4000 0 81 183 78.87765015015017 5,41 2,70 1,08 0,00 0,00 12,43 3,78
237.37692307692305 6500 0 28 131 60.122916030534384 3,82 2,29 2,29 2,29 2,29 16,03 5,34
106.66666666666667 300 0 25 519 54.18878547660992 4,20 0,57 0,76 1,34 3,82 9,35 1,34
204.0880503144654 795 0 30 651 57.820160861151436 4,42 1,33 2,06 0,29 2,80 7,96 1,92
102.71428571428571 3500 1 24 594 38.37176331420517 2,35 0,84 0,50 0,67 2,18 7,37 0,84
114.73684210526316 3800 5 19 1002 65.27681690552794 4,97 0,67 1,43 0,38 2,87 10,04 0,76
106.0 500 6 15 1046 62.59361604010027 5,20 2,74 1,42 0,47 3,03 11,35 1,04
100.0 200 0 60 197 52.021000000000015 4,52 1,51 0,50 1,51 1,01 12,56 1,51
111.05399999999999 1000 3 30 1016 54.706999743436256 2,38 1,91 1,43 0,38 2,10 6,96 1,33
101.4428 30000 3 28 349 61.693977676306474 5,51 0,83 1,38 0,28 1,93 12,12 1,38
122.1063829787234 4700 2 31 740 50.48259142496849 7,79 1,39 1,39 0,56 1,53 8,07 2,92
115.45454545454545 3300 0 31 213 62.042015503876 7,98 0,94 2,82 0,47 0,47 10,80 1,88
166.78875 800 6 33 760 53.576298850574744 3,87 0,77 1,81 0,13 2,58 8,90 1,68
71.86153846153846 39000 0 17 265 60.12704284542846 3,33 0,74 1,48 0,00 1,11 8,89 0,74
3.5000000000000004 10000 14 45 2281 72.75358831113024 3,32 1,75 2,10 0,35 5,42 9,62 1,71
0.4888888888888889 45000 1 33 773 65.93026894865527 5,12 1,25 2,12 0,87 2,00 11,11 1,75
23.331 100000 0 37 720 53.77806845758792 3,36 1,48 1,21 0,94 2,28 10,08 0,81
0.0 20000 0 60 344 59.32117370892021 5,07 1,69 0,56 0,56 0,85 11,55 2,54
19.18181818181818 5500 0 60 555 56.35508304891923 4,58 2,54 0,51 1,02 1,86 7,80 1,02
0.0 1000 23 30 1577 48.75748835639038 6,07 1,13 1,44 0,50 2,00 7,69 1,63
2.7 3000 0 30 348 69.99093079019073 3,36 1,40 2,24 1,12 2,52 12,32 1,96
0.7000000000000001 50000 0 50 577 59.66838709677421 5,41 2,36 3,72 0,34 1,35 12,16 1,18
11.116 50000 0 15 541 51.82754233511588 3,45 0,73 1,63 0,36 2,36 8,17 2,54
0.005 500000 5 30 1430 63.32955432354605 2,46 1,33 1,73 0,80 3,39 9,71 1,66
26.5 3000 0 30 831 55.94714278202345 1,55 1,19 0,60 0,36 2,26 10,01 0,95
2.0 5000 6 30 712 56.691054605108974 6,15 1,87 1,20 0,94 2,67 7,75 1,74
8.3 30000 0 59 25 66.96333333333337 3,57 7,14 3,57 3,57 0,00 10,71 0,00
0.0 100000 2 60 964 61.62448138076476 6,71 1,26 3,25 1,26 1,68 9,54 1,68
0.6608293408227326 18159 1 50 250 49.43862370902559 5,75 4,21 1,92 0,38 1,92 10,34 2,30
0.0 40000 3 20 341 47.068211335254574 4,90 0,86 1,44 0,29 2,31 10,95 2,31
10.0 5000 7 30 1066 61.918409883676276 4,79 0,83 1,93 0,55 3,22 9,76 1,66
8.776666666666667 30000 4 30 226 47.76410696599541 5,15 3,00 1,29 0,43 0,86 9,44 2,58
0.8119047619047619 42000 0 20 788 47.205036496350374 2,72 0,74 0,99 0,50 1,61 7,43 2,60
1.2666666666666666 7500 4 30 1448 52.56878902041373 3,94 2,60 1,74 0,40 1,80 6,28 0,67
1.6500000000000001 10000 10 33 1292 47.80524916563803 3,95 1,97 1,34 0,55 1,11 7,50 1,18
9.771436299702462 14788 1 19 266 54.912911597729135 5,49 2,93 1,10 0,73 1,10 11,72 2,93
13.366666666666665 3000 11 16 1288 46.532668586570225 4,87 1,39 1,86 0,15 3,09 8,20 1,55
24.436666666666667 30000 2 25 301 54.67841059602651 6,62 0,99 2,65 0,99 1,66 10,93 2,65
21.0 7000 5 33 2352 64.10398550724642 4,18 1,39 1,94 0,72 1,86 12,17 1,39
4.603644388398487 79300 6 30 165 47.82090643274856 5,29 2,12 0,00 0,00 0,00 13,23 3,17
3.5818999999999996 10000 0 36 137 61.95605477855479 2,10 0,70 1,40 0,00 1,40 10,49 3,50
25.0 200 0 30 109 52.34758780991737 4,80 1,60 0,80 1,60 0,80 6,40 0,80
0.0 500 4 20 1467 53.35180230353589 3,11 1,29 1,56 0,61 2,71 9,61 1,08
5.7 5000 21 43 2050 50.72144599303138 3,09 0,58 1,88 0,24 1,06 8,63 1,88
39.757999999999996 100000 7 30 1204 44.97419111111114 3,25 3,25 1,75 0,08 4,29 4,84 0,71
33.1 5000 0 30 829 52.2071593137255 4,86 1,30 2,01 0,83 1,30 10,78 1,07
46.526666666666664 15000 8 36 1990 60.25907575757577 5,50 0,50 2,53 0,20 1,93 9,91 1,04
18.693333333333335 75000 0 20 433 55.6711083437111 3,43 0,23 0,69 0,23 2,75 11,21 2,75
1.6840000000000002 25000 0 24 183 46.234426229508216 2,19 0,00 0,55 0,55 2,19 7,65 2,19
43.611111111111114 9000 8 35 1236 64.39999660374664 3,54 1,18 2,20 0,16 2,20 10,63 1,42
0.06071428571428571 140000 1 35 1657 48.86185697217957 3,31 0,95 2,19 0,53 1,83 8,57 1,24
0.018666666666666665 300000 6 35 1205 47.985240497076035 4,46 1,32 1,65 0,58 2,31 8,75 1,40
1.5 20000 5 33 1164 65.72992089552241 3,54 0,67 2,02 0,25 2,36 9,11 1,43
4.0 25 0 30 95 64.84941558441562 3,06 1,02 1,02 1,02 5,10 13,27 1,02
0.06666666666666667 1500 0 60 615 59.91682333873584 5,44 3,13 1,65 0,99 0,66 16,64 2,31
0.05 2000 0 24 139 32.48928571428573 0,72 1,44 0,00 1,44 0,00 0,72 0,00
0.0023529411764705885 85000 0 30 1381 51.958086715264955 3,20 0,93 2,14 0,50 1,28 12,53 2,63
2.3800000000000003 10000 0 30 119 57.84537190082648 8,26 0,83 0,83 0,83 0,00 14,05 4,13
0.07142857142857142 7000 0 27 897 52.84325676855897 3,20 1,21 1,43 1,10 2,10 11,48 2,32
0.0 180000 0 28 380 64.20433403141362 1,84 0,52 0,79 0,26 3,94 11,55 0,52
0.0 5000 0 60 284 42.60500000000002 4,18 2,44 2,09 3,48 0,70 9,06 3,83
0.0 150000 0 30 222 50.18775000000002 3,59 1,35 2,69 1,79 0,90 9,87 2,69
0.4727272727272728 5500 0 30 309 49.87546755237611 8,74 0,65 1,29 0,97 1,62 14,56 2,27
0.0 800 0 30 337 60.352160312805495 1,49 1,19 2,08 0,89 2,38 15,48 3,57
0.0 5000 0 15 1055 58.406311919504645 3,72 0,74 2,70 0,56 1,30 10,70 1,86
0.0 25000 0 30 725 45.0439207171315 3,98 0,40 2,66 0,40 1,99 6,91 1,20
0.0 15000 0 45 166 44.13045242847639 3,61 1,20 1,20 1,20 3,01 7,83 1,81
0.012727272727272728 55000 0 30 150 53.18475738396626 5,19 0,65 2,60 0,65 5,84 6,49 0,00
0.0 8000 3 30 614 59.13219441408165 3,24 0,49 1,62 0,81 2,11 13,45 1,46
0.775 20000 0 30 347 73.16409550045915 3,37 1,97 2,53 1,12 1,40 17,98 3,65
0.0 850000 0 30 203 18.546436781609245 5,42 0,99 2,46 1,48 0,49 15,76 2,96
0.0 750000 2 60 517 58.40467741935487 2,59 0,93 1,85 0,74 0,74 8,70 2,04
0.0071428571428571435 350000 0 19 282 48.52664680390035 9,86 1,06 2,82 0,70 0,70 9,86 3,52
0.0 80000 0 30 316 51.53877990430624 2,16 1,23 0,62 0,62 1,54 12,35 4,32
0.1 5000 5 45 631 44.932360106126424 3,22 1,02 1,17 0,29 1,61 10,67 1,17
50.7 1000 0 30 741 57.61727657283498 3,20 1,54 1,28 0,38 2,43 8,32 1,41
0.0 30000 17 30 709 57.16169042656148 5,69 0,43 2,13 0,14 2,42 12,23 1,28
0.006666666666666667 75000 3 40 42 44.52000000000001 7,14 2,38 2,38 2,38 2,38 16,67 0,00
0.055 20000 4 60 593 40.22039800995029 3,34 1,00 1,17 0,50 1,17 9,36 1,84
33.84615384615385 325 0 60 277 19.68109305064786 2,13 1,42 0,35 0,35 0,35 3,19 5,32
0.105 20000 0 30 230 55.57075630252103 4,26 5,11 0,85 2,55 5,11 11,06 4,26
0.592 50000 0 30 742 61.38696540603931 3,45 0,93 1,06 0,66 0,66 12,88 3,85
0.0 12000 26 24 1307 43.25163718163796 3,99 0,53 1,06 0,45 0,53 5,58 2,56
0.0 7500 7 40 1107 56.88770861766429 6,93 0,18 3,01 0,09 2,73 10,67 1,28
11.86 10000 3 40 2149 50.16038560289084 6,15 0,37 1,49 0,33 2,28 12,94 0,88
0.22799999999999998 25000 0 28 417 39.93309537914695 3,32 0,71 1,66 1,18 0,95 11,37 2,13
0.04 7500 0 60 235 40.404988078207 3,86 0,86 0,86 0,86 2,15 7,73 2,58
0.2 1000 17 40 1453 58.59447057384071 5,08 0,27 2,37 0,20 1,29 12,67 1,42
20.016633333333335 30000 4 35 717 63.11624125874127 4,74 0,54 1,89 0,54 1,62 11,23 2,17
4.34 10000 0 30 145 10.53379310344829 0,69 1,38 0,00 1,38 0,00 0,69 0,00
0.02 50000 0 30 124 48.44162790697675 2,31 2,31 1,54 1,54 0,77 10,00 0,00
3.0 5000 0 20 271 54.668508064516146 7,89 0,72 3,23 0,72 0,72 13,98 2,15
0.0 1000 1 30 1693 42.76479657204683 4,29 0,65 1,71 0,53 1,53 10,71 1,53
1.2714285714285714 35000 2 30 614 39.12807692307695 4,33 0,48 1,61 1,28 0,48 9,79 1,28
5.898085585585585 35520 0 30 504 51.72052967665735 2,52 0,78 2,91 0,39 3,30 9,51 1,55
0.0 2500 0 60 441 59.15061415929205 3,34 0,89 1,56 0,67 3,34 13,14 1,78
0.0 150000 3 30 1213 49.823009215534796 4,68 0,57 1,23 0,33 1,15 10,42 1,64
0.0 6500 9 14 701 32.93763718263722 6,54 1,36 2,32 0,95 0,00 6,40 1,09
0.0 50000 1 20 584 63.08926107859533 4,53 0,67 1,51 0,50 3,36 10,07 3,19
8.4 250 0 30 867 67.29321818450951 4,56 0,57 2,96 0,46 2,85 10,02 1,71
0.0 40000 5 30 890 46.93431312569527 3,12 1,34 2,23 1,56 2,12 9,14 2,56
0.808 25000 3 30 332 41.82060538501119 4,18 1,49 0,60 0,90 1,79 8,06 1,79
0.0 1446 4 60 607 54.41365293484117 1,79 1,14 0,16 0,81 3,57 10,23 1,62
5.65 2000 0 30 130 41.67410256410258 4,62 0,77 0,77 0,77 1,54 10,00 3,08
1.0 5000 6 45 508 53.68813953488373 5,93 0,79 1,78 0,59 0,79 12,25 1,38
0.05263157894736842 19000 4 42 587 49.107407407407436 7,60 0,68 1,01 0,68 1,52 11,99 3,38
0.0045000000000000005 200000 5 30 478 55.541967825052865 4,23 0,85 1,27 1,06 0,63 12,90 1,90
0.25 20000 7 40 537 57.95476679841897 3,10 0,73 0,55 0,36 1,64 12,96 1,28
0.0 5000 0 25 280 54.171328671328695 5,61 0,70 1,75 0,35 0,35 8,42 0,70
1.8333333333333333 15000 0 30 274 58.2331639528355 2,55 0,36 0,73 0,73 1,46 14,96 5,84
0.0 50000 0 60 247 9.520967741935493 2,82 0,40 0,81 0,40 0,00 3,23 1,21
0.0 100000 6 30 1082 61.98581565204418 3,66 0,71 0,89 0,27 1,61 13,85 1,88
0.54 15000 0 30 390 55.28393987341775 3,04 0,51 1,27 1,77 5,57 5,32 2,53
0.4 25000 3 30 879 46.36578864388093 3,99 0,89 1,77 0,22 2,55 10,08 1,88
0.7418181818181818 55000 5 35 266 43.12830645161293 5,13 1,47 1,10 1,10 1,47 9,89 1,10
76.55999999999999 40000 22 57 909 50.941610412147526 5,68 0,55 1,64 1,42 0,98 9,84 0,55
11.7425 40000 54 33 2626 55.45622787785638 2,44 3,16 0,42 0,80 1,41 9,57 0,99
38.81333333333333 30000 0 29 642 59.16297958397536 4,20 0,93 1,24 0,78 2,33 11,82 2,18
0.17750000000000002 40000 9 30 901 24.706451456310702 3,17 1,31 1,42 1,20 3,06 6,78 0,87
5.21 150000 9 30 931 49.56550796178348 2,47 0,64 1,72 0,86 3,22 9,33 0,64
0.014285714285714287 350000 18 30 1443 34.408195522919954 4,13 0,47 0,74 1,69 1,22 9,14 1,56
24.744 100000 1 30 582 54.67827961321515 1,72 0,69 0,69 0,17 2,24 7,93 2,59
0.1 1000 12 30 978 61.95527716186254 2,66 0,10 1,23 0,10 1,64 8,18 1,33
0.1 10000 9 60 1703 53.85186905026964 4,03 1,34 1,52 0,88 2,40 11,34 1,17
5.4125 80000 6 60 763 49.76647621005037 4,34 1,15 0,89 0,38 2,30 9,07 1,66
6.446000000000001 50000 0 30 174 37.832211864406815 2,87 1,72 2,30 1,72 0,57 12,64 3,45
0.44 2500 0 30 206 55.85928260869568 1,45 0,48 0,00 0,48 1,45 9,66 2,90
0.8500000000000001 8000 5 30 428 69.66085103649135 3,60 0,67 1,35 0,45 1,35 9,44 1,80
6.637142857142857 35000 0 54 386 68.83859721897642 5,40 0,51 2,31 1,03 1,29 12,08 2,83
2.5 10000 28 30 2285 45.7990883757962 5,14 0,61 1,66 0,35 1,09 8,67 1,92
5.9275 40000 13 55 311 62.08895833333335 3,79 1,26 1,26 1,26 2,84 7,26 0,32
5.115555555555556 45000 26 30 865 58.70266062717772 2,49 0,24 1,18 0,12 1,54 8,99 1,07
52.458000000000006 50000 12 30 1905 41.35870967741937 3,22 0,60 1,71 0,25 2,16 9,05 1,46
405.40317999999996 50000 35 30 1360 46.95532135937009 3,74 0,88 0,95 0,73 0,95 9,38 0,59
3116.56 50000 27 45 2010 53.23751929112697 3,11 0,44 1,13 0,25 1,78 8,68 1,23
1290.4395 100000 39 30 1364 52.392907523510985 3,72 0,73 1,46 0,15 1,02 7,94 1,17
150.8584 125000 5 30 1303 46.938292383292406 2,93 0,08 1,43 0,08 1,50 10,83 3,16
118.31020000000001 20000 38 30 1365 56.05067161460707 2,55 0,87 1,67 0,58 2,91 10,12 1,31
717.5857142857143 70000 51 35 2094 49.33677907425266 5,64 0,66 1,32 0,28 1,36 8,83 1,41
2214.744 50000 23 60 2455 55.314456944947494 3,18 0,24 1,05 0,20 2,82 7,32 1,33
122.38533888888887 180000 14 34 1228 36.72310144927539 3,19 0,57 1,31 0,08 1,72 8,83 0,82
107.428 25000 57 30 969 84.74283490316647 4,34 0,45 1,27 0,36 1,27 9,32 0,81
4143.85512 50000 20 30 1530 55.556696640974394 2,41 0,44 1,33 0,25 2,15 11,14 1,46
377.5833333333333 18000 42 45 963 56.83546954966167 4,95 0,31 1,86 0,31 2,06 11,44 0,82
602.4245 50000 12 42 1014 39.12242765188256 5,26 0,78 1,17 1,17 0,88 7,89 1,07
118.56296296296296 54000 18 36 921 49.27261400651469 4,38 4,60 1,64 0,55 1,31 8,98 1,20
512.7666666666667 3000 41 30 2406 47.312178068410475 3,91 0,77 1,10 0,53 1,06 8,38 1,26
125.3436 500000 8 35 891 61.625995623632406 3,43 1,00 1,33 0,22 1,77 7,31 1,55
453.63597999999996 50000 19 60 1730 54.91427424160349 3,41 0,17 1,31 0,06 1,88 10,76 0,63
1971.5113999999999 10000 15 17 2129 68.24666545053137 3,44 0,37 1,15 0,32 2,07 10,10 1,79
138.90166666666664 60000 38 35 1908 50.809518072289166 4,53 1,16 1,91 0,65 1,91 6,20 1,16
1265.326688888889 45000 32 30 968 42.88002370791847 4,25 0,61 1,01 0,30 1,52 6,57 0,81
3150.4509199999998 25000 0 30 415 54.112012987013 1,67 1,43 1,43 0,95 3,81 11,19 1,90
1.8599999999999999 5000 0 4 1026 48.55030866811876 0,29 0,39 0,78 0,10 0,10 0,19 0,10
0.0 38000 20 31 963 60.301212121212146 2,88 1,13 0,62 0,31 2,47 9,46 1,34
15.262 50000 14 30 580 45.685031796502415 2,56 1,54 1,03 1,03 2,22 9,91 1,54
9.708 25000 26 45 1528 47.67398754417144 3,23 0,71 1,10 0,84 1,49 11,50 1,03
83.99833333333333 60000 45 30 1781 49.17031651533321 4,25 0,78 1,01 0,45 0,95 9,44 1,90
29.542 100000 0 31 238 57.65530208333337 4,80 1,20 2,40 0,40 4,00 11,60 1,60
21.317333333333334 150000 40 60 1388 43.46669379279919 4,07 0,57 1,07 0,86 2,36 7,79 0,57
199.636 50000 19 35 2810 60.492925173557694 4,45 0,39 1,48 0,18 1,80 10,82 0,81
52.251000000000005 100000 0 42 447 35.854366225701966 3,31 0,22 1,10 0,66 0,66 8,17 0,88
0.0 58000 0 60 109 53.550810810810816 5,50 0,92 1,83 0,92 0,92 11,93 1,83
0.0 25000 0 36 1037 57.8182635559817 2,98 1,15 1,06 0,67 6,33 7,68 0,58
19.02 5000 0 30 114 73.60722570532918 6,03 4,31 4,31 4,31 0,86 12,07 3,45
0.036000000000000004 150000 32 60 837 49.52804359346561 2,72 0,59 0,95 0,47 2,36 10,99 0,83
20.322000000000003 50000 0 60 138 40.93000000000001 1,43 1,43 1,43 1,43 2,86 11,43 3,57
0.0 13500 0 30 234 65.76460437710438 1,65 1,65 0,41 0,82 4,53 9,05 2,06
0.0375 80000 0 30 476 44.62497187060481 2,96 0,85 0,63 0,21 2,11 8,46 1,27
0.0967741935483871 15500 3 30 947 52.746826868062726 4,12 0,84 2,11 0,63 4,54 8,24 1,48
8.386666666666667 15000 18 30 2923 48.16698979591837 4,08 0,82 1,26 1,09 1,12 9,90 1,23
0.2380952380952381 42000 0 51 675 61.426052631578955 4,57 0,88 0,88 0,29 2,65 11,80 3,98
0.0 4000 0 35 509 50.55936606772224 4,36 1,39 1,98 2,57 1,98 12,08 1,19
3.49 10000 5 30 588 59.681836969001154 2,34 0,67 1,50 0,33 3,34 10,68 1,50
0.0 150000 1 30 413 55.731082923135176 4,27 0,95 0,95 0,95 1,18 13,51 1,66
0.034999999999999996 40000 16 21 655 63.48318255173726 2,37 1,04 0,74 0,59 1,19 9,19 1,33
31.197142857142858 35000 10 30 1209 46.88941904761907 3,10 2,01 1,24 2,71 2,17 10,37 1,08
0.08514285714285715 175000 5 28 119 48.10605042016809 8,40 0,84 1,68 2,52 0,84 15,97 3,36
1.2 5000 0 60 618 23.196245849834014 4,07 1,41 1,88 4,54 0,63 9,70 0,16
0.0 500000 49 31 1373 41.58260680641314 4,50 1,00 2,50 1,21 1,71 11,00 1,00
25.623636363636365 55000 18 30 1244 47.67532246922886 2,49 0,60 1,06 1,21 1,44 10,05 1,06
73.12368421052632 95000 3 30 441 54.304460948258935 4,54 1,81 2,04 0,68 2,27 11,11 2,04
2.6550000000000002 100000 0 30 156 53.453505838641206 2,56 1,92 1,28 1,28 3,85 14,74 0,00
0.0 200000 0 30 236 49.48193933054395 2,52 1,68 1,68 0,84 0,42 11,76 2,10
0.0 500 89 45 2670 41.50932230467947 2,25 0,22 0,69 0,22 0,58 4,32 0,91
17.543 100000 8 24 568 38.31921560402688 5,26 3,06 1,19 4,07 1,19 5,60 0,17
1.704 100000 22 46 2355 51.00253188132697 2,88 0,42 1,30 0,38 2,42 9,69 1,71
14.206 200000 6 46 901 50.37295100732604 3,77 1,99 1,44 1,55 2,88 11,74 1,77
0.1418111753371869 64875 0 30 181 34.27417391304351 1,10 0,55 0,55 0,55 0,00 6,04 0,55
0.05280000000000001 250000 22 38 2979 45.204068979187326 1,93 1,20 1,30 0,57 1,33 7,68 1,66
34.336666666666666 60000 16 32 1052 45.18273480822552 2,60 0,37 1,12 0,37 0,93 9,85 1,58
0.27375 80000 13 45 1232 33.416804075961096 2,53 1,26 1,11 0,71 1,11 6,56 0,87
0.11386138613861385 101000 14 40 1987 35.88573146166436 4,70 0,20 1,93 0,59 2,13 8,02 0,84
172.58333333333334 60000 19 35 1790 56.24016638676372 3,70 0,54 2,04 0,54 2,47 11,21 1,50
150.74666666666667 22500 30 35 1384 46.37182080950683 6,65 0,86 2,36 0,64 2,15 10,16 1,57
384.906 50000 21 40 688 47.640710333638424 3,30 0,57 0,57 0,72 2,15 9,33 1,00
112.79999999999998 25000 38 35 1229 61.79295079727041 2,73 1,29 1,85 0,48 2,17 12,78 0,96
133.95250000000001 80000 31 40 769 37.06302621283257 3,10 1,29 1,68 0,65 2,06 7,74 1,68
111.19615384615385 78000 18 60 2455 51.68194136151564 2,16 0,47 1,06 0,43 1,46 8,30 1,34
251.6232 500000 21 30 211 39.82597951344431 4,25 0,94 0,47 0,47 1,89 8,02 0,47
449.15000000000003 6000 21 60 795 53.47967068045904 3,51 1,38 1,38 1,00 2,38 9,28 1,13
164.375 100000 9 30 3606 46.27721153846156 3,07 0,68 0,90 0,24 1,52 9,35 0,65
347.29 20000 10 26 2385 49.786573408624264 3,23 0,62 1,24 0,50 1,45 8,94 0,83
767.1840000000001 25000 35 30 966 34.57512195121953 4,42 0,31 1,23 0,31 2,26 6,28 0,82
104.764 25000 41 42 694 47.09056368670889 3,54 0,57 1,56 0,28 2,69 7,21 0,42
100.196 200000 20 41 1026 44.12896816037738 4,48 0,48 1,90 0,29 1,05 8,48 0,86
1098.0819000000001 20000 32 31 1948 55.535257544709424 3,45 0,30 0,95 0,45 1,05 8,01 1,10
1128.2134 15000 3 30 543 58.69206530291112 2,55 2,37 0,91 2,73 2,73 9,65 1,28
100.9261744966443 7450 28 30 1013 52.092434210526335 6,29 0,49 1,96 0,20 1,87 9,92 0,98
153.315 20000 27 30 1294 50.77476390836841 3,48 0,83 1,59 0,60 3,10 9,37 0,68
286.687 100000 120 30 2110 57.172099850994556 4,22 0,75 1,31 0,23 1,55 9,43 0,89
431.91125 80000 43 45 815 60.061200000000014 4,92 0,84 0,96 0,72 1,32 9,24 1,92
245.058 50000 40 31 770 42.601693667157605 3,74 1,29 1,03 1,16 1,29 12,24 1,03
142.666 50000 26 32 1118 59.62776764472642 4,40 0,35 1,81 0,52 1,55 8,12 1,12
225.582 50000 26 30 1713 48.35839876828331 3,64 1,27 2,20 0,52 0,69 9,65 1,21
115.14 10000 22 33 2005 34.656382988081106 2,24 0,63 1,17 0,34 1,85 6,67 0,54
158.088 200000 51 44 1027 44.51651026392963 3,30 0,49 1,46 0,78 2,62 9,91 1,07
102.42333333333333 30000 32 34 630 68.96767125480156 3,77 0,47 2,04 0,47 2,20 12,40 1,10
129.44181818181818 55000 24 30 930 54.46155149142933 6,32 1,07 1,71 0,75 2,68 11,24 1,93
514.12 10000 9 30 284 34.515134020618575 3,11 1,73 2,42 1,38 2,08 9,34 1,04
115.04 25000 39 40 1871 75.13983821509869 5,30 0,21 2,67 0,10 1,15 6,66 2,20
184.4625 20000 23 60 1390 52.980408542247005 4,55 3,84 5,61 0,57 0,85 10,66 2,13
1906.4050000000002 20000 6 30 741 55.827060105680346 2,40 0,53 1,33 0,27 4,40 5,33 1,47
117.83999999999999 10000 12 22 226 67.58750565824218 5,08 0,85 3,39 0,85 2,12 8,47 1,69
719.318 1000 35 32 1405 53.69370879120882 5,17 1,68 2,79 1,33 0,77 9,22 1,61
188.95132 50000 16 30 184 32.23550802139039 4,30 1,08 2,69 1,61 0,54 10,22 4,30
116.44399999999999 25000 6 30 1466 44.88354508944872 2,36 0,27 1,22 0,34 2,91 6,22 0,81
110.034 50000 25 53 564 40.98617134658744 4,01 0,87 0,70 0,87 0,52 8,38 0,70
115.725 40000 67 45 3032 43.9254495073892 4,04 0,50 1,19 0,27 1,59 7,42 0,60
1457.4933333333333 15000 29 30 691 42.287187500000016 4,29 1,57 1,14 0,72 2,29 7,30 1,00
182.23 80000 24 44 891 59.96292691256832 4,22 1,56 1,78 1,00 3,89 9,56 0,89
2142.5899999999997 10000 23 30 1296 44.029646481342354 3,17 2,87 1,21 4,08 0,60 9,21 1,13
109.77300000000001 100000 5 31 994 48.299776264591486 2,65 0,49 1,86 0,39 1,08 9,41 2,25
38.32 5000 8 15 818 59.33000000000001 6,36 0,82 2,71 0,59 1,41 10,25 2,94
5.38 10000 5 30 248 47.82782263294425 3,56 1,19 0,40 0,40 1,19 9,09 3,56
0.015 40000 1 30 296 35.75704545454548 4,71 1,01 0,67 0,67 1,01 7,07 0,34
0.13999999999999999 50000 0 20 189 40.4009404145078 3,65 0,52 1,56 0,52 1,04 8,33 0,52
0.2 5000 0 60 417 60.71053472079126 4,52 0,71 2,38 0,48 3,33 13,10 0,95
4.15 2000 5 45 604 47.324311705965414 1,64 1,15 2,29 0,98 1,15 8,02 0,65
0.36666666666666664 30000 4 60 580 45.997321172371414 4,13 0,36 2,15 0,18 1,44 6,28 1,44
1.275 4000 0 30 900 56.396329185520386 5,66 0,87 2,61 0,22 3,37 10,99 1,31
1.5058823529411764 8500 0 30 355 54.698913043478285 2,75 0,82 0,82 1,10 1,65 9,34 4,12
0.0 40000 0 32 701 40.019176470588235 2,69 1,56 1,56 1,13 0,99 10,91 2,41
0.0 125000 0 60 361 58.883188705234176 2,49 0,83 1,93 0,55 3,04 11,05 3,04
0.3157894736842105 95000 20 30 755 53.56382255389721 1,98 0,12 0,62 0,12 0,74 6,32 0,87
10.0 50000 0 30 159 58.04875000000004 4,38 2,50 0,00 1,88 0,62 10,00 3,75
0.125 100000 2 30 920 63.721153391167206 3,14 0,43 1,08 0,22 3,14 13,42 1,62
0.44999999999999996 10000 0 30 132 18.360686274509845 5,19 2,22 0,74 1,48 0,00 6,67 1,48
0.04 5000 0 30 270 63.60326086956525 2,17 0,72 1,81 0,72 1,09 8,33 4,71
0.0 17000 6 30 852 30.825131578947378 3,78 0,24 1,54 0,12 1,65 7,92 2,13
0.0 60 0 30 316 43.38877777777779 8,36 1,24 2,48 0,93 0,31 11,76 1,86
0.008 50000 0 30 134 40.88175373134331 5,22 2,24 2,99 1,49 2,24 10,45 0,75
0.0 15000 0 60 527 64.07560785692755 3,45 1,15 3,83 0,19 2,11 10,34 2,68
0.10333333333333333 30000 0 30 248 28.80507530120485 2,81 0,40 0,40 1,61 2,01 7,23 2,01
0.0 200000 3 30 209 36.69291732490785 6,19 0,48 1,90 0,95 1,90 9,52 2,38
0.0 5000 0 7 116 32.31000000000003 4,24 1,69 0,85 1,69 1,69 11,02 1,69
0.0 4000 0 30 669 54.24127652233918 4,59 0,30 2,96 0,44 2,37 12,59 2,07
0.0252 500000 0 45 216 53.048333333333346 2,35 0,94 2,35 0,94 0,47 10,80 1,41
0.0 100000 0 30 586 57.05673363774736 2,41 0,17 1,55 0,17 1,72 12,03 2,23
0.0 100000 0 30 158 51.20958972392643 0,63 1,27 0,63 0,63 1,90 9,49 1,90
0.0 100000 0 44 242 57.11828703703705 6,58 0,82 1,23 0,82 1,23 11,52 5,35
0.02 5000 0 30 257 44.71756082725062 4,85 0,75 1,49 0,75 2,24 7,84 0,75
0.2 5000 0 60 269 50.405575757575775 6,93 0,36 1,82 0,36 1,82 7,30 4,38
0.0 100000 0 30 553 41.074649910233404 2,72 0,91 2,00 0,73 0,54 7,80 2,90
0.005833333333333334 1200000 0 30 137 57.22615384615386 1,42 0,71 0,00 0,71 0,00 0,71 0,00
0.0 2500 0 21 170 -25.60587278106506 3,55 1,18 1,18 1,18 0,59 8,88 2,37
0.0005 1000000 0 15 201 47.52056818181819 1,36 0,91 1,36 0,45 0,00 0,45 0,91
0.13333333333333333 1500 0 25 142 35.465301573426586 1,41 0,70 0,00 0,70 0,70 7,04 1,41
0.4 5000 0 60 670 57.31009499812728 3,22 0,15 1,90 0,15 0,29 6,87 2,34
0.02692307692307692 78000 0 30 555 65.04572115384617 3,16 0,18 2,63 0,18 1,05 12,46 1,23
0.0 100000 0 60 572 45.613538100287855 3,49 0,52 0,00 0,52 0,17 8,90 5,06
1.981818181818182 5500 0 30 190 22.17100000000002 2,01 0,50 0,50 0,50 0,50 6,03 0,50
0.08333333333333334 6000 0 59 172 60.94500000000002 11,11 1,67 0,56 0,56 1,11 13,89 0,56
0.0 5400 14 58 863 54.548361522198746 2,63 0,34 2,06 0,57 1,37 10,97 1,14
1.6199999999999999 10000 0 30 126 58.27883720930234 3,12 3,12 0,00 1,56 2,34 12,50 2,34
0.0 5000 0 30 164 50.736470588235335 2,35 1,18 0,00 1,18 2,35 14,12 2,35
0.0 35000 0 26 1021 60.56906370586097 2,95 0,29 1,97 0,20 1,28 10,52 0,69
0.13 20000 1 30 208 62.22320036861507 1,90 0,48 2,38 0,48 0,95 15,24 1,43
0.0 15000 0 40 319 61.65271028037387 4,76 1,59 2,54 0,63 0,32 13,65 1,90
0.0 60000 2 30 982 59.25604285714287 3,27 0,20 1,22 0,20 1,33 12,55 4,18
0.8 250 0 60 649 33.92595127750465 2,91 0,31 0,92 0,31 1,23 8,59 3,99
0.0 25000 0 30 211 49.59813380281693 3,30 1,42 1,42 0,94 1,89 11,32 0,47
0.012658227848101267 7900 0 14 481 47.091935746064394 6,19 1,24 0,62 1,03 3,30 12,16 1,44
10.65 4000 0 30 142 24.17918103448281 5,56 0,69 0,00 0,69 0,69 13,19 1,39
0.0 500 0 30 150 38.71086092715234 3,97 1,32 1,99 1,32 0,66 13,25 2,65
0.3 20000 0 30 191 45.58346590909093 6,74 2,07 2,07 0,52 3,63 11,92 2,59
0.0 100000 3 60 257 47.06537209302326 3,11 1,17 0,00 1,17 1,17 6,23 2,33
0.0 200000 0 30 298 33.216500000000025 1,32 0,99 0,66 1,32 2,30 7,57 1,97
0.0 1000000 0 30 1706 52.138416792641976 1,98 1,02 1,18 1,39 1,12 10,97 1,87
0.04 2500 0 59 555 42.70975406871611 5,24 1,81 0,54 0,72 1,45 9,76 0,90
1.01 10000 0 30 510 51.9458395236411 0,19 0,39 0,00 0,19 0,58 3,70 0,00
0.0007999999999999999 250000 0 30 372 48.123121807242626 4,23 1,06 1,59 0,53 3,70 12,43 1,59
0.03333333333333333 3000 0 45 705 42.33758496487289 6,82 0,56 2,09 1,11 0,42 8,77 1,67
0.12 10000 0 30 538 61.90245495674259 3,81 0,35 1,56 0,17 0,52 11,79 1,91
0.002325581395348837 43000 9 33 906 63.67949747071353 5,58 1,18 2,15 0,43 0,75 12,88 1,82
16.11111111111111 1800 0 30 184 47.50021645021647 5,38 0,54 3,76 0,54 0,54 10,75 3,76
0.2 30000 0 30 126 65.86003244274812 3,05 2,29 2,29 1,53 0,00 9,16 3,82
0.15873015873015872 6300 5 30 628 37.1644919654905 0,91 0,15 0,30 0,15 0,00 0,15 0,00
0.33333333333333337 300 0 45 569 34.68774456521743 2,99 2,11 0,88 1,41 2,11 11,78 0,53
0.0 20000 0 30 181 38.49939226519339 7,73 0,55 2,76 0,55 0,55 13,26 0,55
0.1 5000 0 40 275 48.999166666666696 2,32 0,33 0,00 0,33 0,00 0,99 0,00
0.0 100000 0 21 194 33.081755499153985 3,08 0,51 1,54 1,54 1,03 11,79 3,08
0.005 20000 0 30 275 27.651627830653126 2,90 0,36 2,90 0,36 0,72 9,42 2,90
0.0 2000 0 30 350 45.35978193556889 1,98 1,42 0,57 0,85 0,57 4,82 1,70
0.0 50000 0 30 307 49.95060697374086 5,65 3,32 1,33 1,66 1,33 12,62 1,33
0.0 12000 0 5 261 57.682601560936575 5,73 2,67 1,53 1,91 0,38 9,92 5,73
0.0 7500 0 30 397 60.65337774643709 3,82 0,95 0,95 0,95 1,43 5,73 0,95
0.05 2000 0 45 337 52.5479411764706 1,77 1,47 2,95 1,47 3,24 11,80 2,65
0.0 400 1 60 583 65.37283462532301 6,00 0,33 2,67 0,67 1,33 14,17 2,67
0.1 20000 5 30 1400 55.9107243445693 3,45 0,77 1,06 0,42 5,35 8,31 2,25
0.1111111111111111 9000 3 30 818 53.12868485441646 3,23 0,12 1,43 0,24 1,08 8,12 4,18
1.01 100000 0 60 789 44.059008295933666 3,33 1,48 1,23 2,46 1,11 10,59 0,99
0.0 25000 0 15 208 70.83637482900139 6,10 0,47 1,41 0,47 0,94 10,33 2,35
633.3333333333333 15 20 30 1071 53.121461538461574 3,49 0,09 1,47 0,28 2,94 8,91 1,65
100.74000000000001 5000 10 38 480 56.76271165460071 3,62 0,40 1,21 0,60 2,01 6,84 0,80
102.39666666666668 30000 46 30 862 36.27816142198182 3,98 0,68 0,46 0,80 0,91 6,94 0,91
185.322 20000 3 30 839 70.39573543808126 2,63 0,46 1,26 0,34 1,37 13,39 1,14
158.0 750 33 31 1428 45.98294605162641 3,47 0,97 1,25 1,73 0,76 7,35 1,11
102.88465753424659 73000 20 35 1005 58.999208020594295 4,72 1,38 1,97 0,79 4,33 10,52 1,67
100.91666666666667 30000 17 30 1194 52.76785425101215 4,73 0,49 1,96 0,16 1,39 10,02 1,96
855.9100000000001 10000 10 60 538 27.339899564935678 2,33 0,90 0,72 1,62 1,97 8,98 1,62
374.76 20000 16 35 916 69.25192846924179 3,69 0,98 1,41 0,98 1,19 9,65 0,65
101.05833333333334 12000 32 49 1332 50.87526397676146 4,11 1,27 1,72 0,60 2,24 10,38 0,90
122.00283999999999 50000 7 21 728 54.682107666966175 3,54 0,82 1,22 0,82 0,95 8,30 2,18
864.2999999999998 200 14 39 1497 66.49776947435089 2,77 0,52 1,35 0,52 1,29 7,35 1,29
1509.78 5000 4 60 205 58.14896226415098 7,08 0,47 0,47 0,47 0,94 13,21 0,94
297.92 10000 35 38 891 51.679285714285754 5,59 0,66 3,51 0,66 1,21 7,79 0,88
110.52505 20000 59 50 1306 47.45570163667679 2,59 0,91 1,60 0,99 1,29 9,51 0,91
353.57599999999996 20000 13 30 888 58.606363211951475 2,96 0,87 1,65 0,96 0,70 4,87 1,22
197.5 1200 5 31 328 53.83148468185391 2,99 0,30 1,80 0,30 2,40 9,58 1,50
1302.3999999999999 250 7 30 364 63.82558270676691 2,56 0,51 0,77 0,51 1,02 12,28 2,30
247.8 500 6 44 657 68.01145258829222 2,66 0,44 1,48 0,15 2,66 10,80 1,78
1125.73 10000 17 34 957 44.2985054268114 5,89 0,62 1,14 0,41 1,24 8,79 1,65
121.38 15000 3 21 611 43.905725062122855 4,75 2,30 1,15 2,30 5,74 8,03 1,48
216.53333333333333 1500 13 30 1145 51.27576140127215 4,66 1,02 1,53 2,63 2,54 7,12 2,03
135.648 25000 38 30 1500 49.94593529919152 3,99 0,72 1,77 0,46 1,83 9,76 0,98
120.7 5000 24 31 1008 65.11776174856072 5,03 0,58 1,45 0,19 1,74 9,20 0,68
500.06000000000006 10000 23 15 1479 54.09246348346389 5,09 0,60 1,54 0,20 1,74 9,10 1,54
628.52 10000 6 30 3092 53.97268282548478 2,49 0,91 1,29 0,69 3,91 7,53 1,89
185.125 2400 45 38 3023 50.435142540386465 3,69 0,92 1,48 0,46 1,61 7,11 0,63
5680.754166666667 24000 10 39 495 58.891514439475486 2,21 0,40 1,81 0,60 3,21 11,45 1,41
170.62 10000 8 30 500 61.88536332739929 3,19 1,60 1,00 1,00 2,20 11,58 1,00
1674.11 10000 4 14 643 49.453531772575275 4,47 1,08 0,92 0,92 1,54 8,78 1,54
177.5 200 8 15 447 65.64861951219515 3,79 1,05 0,42 0,42 1,26 9,26 2,74
366.322 5000 27 20 1304 53.495454856361164 2,65 0,52 1,33 0,74 1,25 7,29 1,10
113.73249999999999 40000 31 60 984 46.67138047105007 4,26 0,50 1,19 1,29 2,08 6,94 0,79
326.04 25000 30 30 1646 60.760555154522905 2,56 0,47 0,93 0,58 0,87 6,23 1,11
192.12 7500 32 30 1827 64.34062034739456 2,72 0,87 1,36 0,60 1,58 7,57 1,20
239.27999999999997 5000 17 30 904 57.20510847984693 3,79 0,22 1,19 0,22 3,03 8,98 2,38
569.6666666666666 600 55 35 1199 38.33636029411767 3,59 0,74 2,12 0,65 2,04 7,43 0,98
136.02986666666666 30000 24 30 1943 47.08546292712913 3,75 1,20 1,55 0,75 1,45 8,86 1,40
107.45 6000 12 30 411 54.367995666305546 4,37 1,70 0,49 1,70 3,88 6,80 0,73
133.19333333333333 15000 18 30 620 48.9157648026316 2,56 2,72 1,92 1,44 1,76 8,64 2,56
0.20600000000000002 50000 0 30 331 66.86205003665691 2,69 1,19 1,49 0,60 3,58 10,15 2,09
0.0 35000 16 45 553 59.79445187165777 2,51 0,72 2,15 0,72 2,51 11,47 2,33
1.988888888888889 45000 5 30 829 56.41973549488057 3,18 0,79 1,70 0,34 1,82 9,31 1,02
1.7999999999999998 7000 0 30 254 55.244278074866315 4,33 2,76 1,57 1,18 1,97 12,20 2,76
0.07017543859649122 28500 26 40 915 50.82330166072808 2,04 1,08 1,94 0,86 1,18 9,03 1,83
3.634 50000 11 37 1731 62.228996680693996 3,90 0,45 1,41 0,40 2,94 9,72 1,24
19.0 1000 0 45 143 47.73243835616441 3,47 0,69 3,47 0,69 0,00 9,03 1,39
2.7 2000 0 30 398 57.86964621585315 9,14 0,25 2,47 0,25 1,23 12,35 3,21
1.8399999999999999 2500 0 45 688 49.02303322048246 4,63 0,43 2,46 0,29 1,01 12,30 1,59
15.875 20000 23 30 493 51.870398724082946 3,37 0,99 2,18 0,40 1,19 11,68 3,37
7.199999999999999 10000 3 30 744 33.332317880794704 6,64 0,13 1,46 0,13 0,80 9,03 0,80
20.4 2500 10 30 354 40.2858823529412 3,93 0,28 0,56 0,28 0,84 10,67 2,53
3.025 4000 15 35 381 51.06238219895289 6,58 0,53 3,16 0,26 1,32 12,63 0,79
0.15 10000 0 60 790 19.51189542483661 2,84 2,72 1,85 1,98 1,85 4,81 2,35
1.5 7000 2 30 560 55.18631637168144 4,62 0,89 1,24 0,71 2,66 11,19 1,78
0.09090909090909091 11000 0 30 72 49.72506756756758 2,74 1,37 4,11 1,37 6,85 5,48 1,37
0.0 18000 0 30 294 44.047948402948435 2,70 1,01 1,35 0,34 0,00 10,81 2,36
0.02 50000 5 30 929 45.052257076008885 1,38 1,92 0,85 1,70 1,17 10,76 2,13
1.27 30000 23 30 1370 45.85426421404685 3,93 0,29 1,38 0,29 0,80 8,38 2,33
34.24632125633733 32348 0 60 274 49.79163636363637 5,47 0,73 4,01 0,73 0,36 11,31 5,84
0.0 5000 3 22 734 61.99626966389971 2,82 0,13 0,81 0,13 1,21 11,41 3,49
0.04 60000 0 30 557 62.46194373769865 4,13 0,72 1,08 0,72 0,90 11,67 0,54
0.35714285714285715 7000 0 30 142 30.15204225352113 2,84 0,71 0,00 0,71 0,00 9,93 1,42
0.0 7000 0 30 1495 15.886418032786906 2,89 0,39 1,71 0,46 0,66 7,63 1,97
0.004557140583580412 2852666 1 30 377 49.47946158008659 4,96 0,26 1,57 0,26 3,13 10,97 1,57
0.33333333333333337 3000 0 30 429 36.299393288943406 0,23 0,23 0,00 0,23 0,00 3,65 0,00
4.666666666666667 750 0 30 222 40.50445945945947 5,86 1,80 0,90 1,35 1,80 6,31 3,15
0.0 1000 0 60 165 65.47437301587306 4,73 2,96 1,78 1,18 1,78 10,65 2,96
0.033846153846153845 65000 0 30 493 56.36171144727933 4,88 1,17 2,93 0,78 0,39 8,20 2,93
0.013333333333333334 15000 0 35 186 22.73927536231885 4,44 1,67 2,78 1,67 1,11 13,33 1,67
0.006666666666666667 15000 1 30 343 27.850894736842122 3,22 2,92 2,34 2,05 1,17 9,65 0,58
7.171428571428572 3500 0 18 3917 42.570099697122686 2,39 1,40 1,45 1,35 0,94 8,84 2,21
0.0 5000 0 30 128 72.41317524580685 4,58 2,29 2,29 1,53 0,00 12,98 4,58
0.0 1000 2 30 543 47.54138376383764 3,14 0,37 2,22 0,37 0,55 13,31 3,14
13.55 2000 0 35 1208 52.1493280110636 3,44 3,13 1,53 0,84 2,37 8,78 1,37
0.11100000000000002 100000 3 30 713 65.02029774872913 2,90 0,14 2,07 0,14 1,52 12,69 1,52
16.52857142857143 35000 0 30 383 53.89663461538461 4,37 1,29 1,80 1,54 1,03 10,80 1,80
18.91 30000 9 35 299 41.26173695893456 5,18 2,27 1,94 2,27 1,62 11,65 2,27
0.0 8000 14 35 1408 47.02329264375203 7,02 0,14 2,84 0,28 1,49 10,99 1,91
0.35058004640371226 431000 5 25 49 23.683547169811362 1,89 1,89 1,89 1,89 0,00 3,77 0,00
17.706666666666667 30000 0 30 335 53.94245098039218 5,36 1,19 2,68 0,30 2,08 9,82 2,08
2.0 100 7 45 1990 38.825684827207 3,14 0,65 1,15 0,25 3,34 4,94 1,00
0.0 2500 0 30 131 64.43997014925375 4,48 0,75 0,00 0,75 1,49 8,96 2,24
25.5 5000 1 60 639 49.37983739837401 5,20 1,07 1,07 0,15 0,61 11,16 1,07
0.0 100 1 30 322 40.48911424903724 6,19 2,17 1,24 1,24 0,62 12,07 0,31
1.8541666666666667 48000 0 60 825 62.70127360869169 3,49 1,45 2,05 0,84 1,08 12,29 2,53
0.01 20000 1 45 258 32.09850215517244 3,07 1,15 0,77 1,15 1,92 15,33 2,68
0.05333333333333334 15000 0 60 1982 59.79589784352967 3,14 1,19 1,86 0,57 2,57 9,66 1,76
16.944 25000 11 30 1568 43.47060085294015 3,59 0,94 2,20 0,25 1,51 8,24 1,20
0.0 2200000 0 30 1552 58.36191840429248 3,21 0,39 2,44 0,51 2,76 12,85 4,05
0.0 800 6 30 563 29.258380281690137 4,40 0,35 1,94 0,53 1,06 7,92 1,76
0.36666666666666664 15000 1 60 1642 2.467073003575706 5,09 1,72 1,54 0,30 1,01 6,75 1,95
0.0 100000 0 30 79 47.316793248945174 3,80 1,27 1,27 1,27 0,00 8,86 5,06
0.0 250000 1 17 447 49.69746959942776 2,15 0,43 2,15 0,43 0,43 9,89 3,66
0.24 2500 3 60 637 34.63416188106177 4,01 1,23 1,85 2,00 1,54 10,48 2,00
0.0 75000 0 30 536 38.99963768115944 3,88 1,29 1,11 1,29 0,55 9,43 3,51
0.0 25000 0 15 132 59.05977443609024 2,27 2,27 1,52 1,52 2,27 12,88 1,52
0.052 50000 0 30 149 34.28208479020981 2,80 0,70 0,70 0,70 2,80 10,49 0,00
10.85 10000 6 35 213 41.34927353595259 2,35 1,41 1,88 0,94 0,47 7,04 1,88
0.0 75000 0 30 310 46.07553611317945 3,51 1,92 0,32 1,92 2,24 12,46 1,60
0.1 100000 3 45 269 45.36541666666669 2,23 0,37 0,37 0,37 0,37 11,90 5,20
0.0 10000 0 45 290 56.576206896551724 4,83 0,34 2,41 0,34 3,10 15,17 2,07
0.0 15000 0 60 88 48.77625000000003 4,49 1,12 1,12 1,12 1,12 7,87 3,37
0.05 20000 0 30 302 58.744435483871 4,53 1,29 0,97 0,65 2,91 11,00 1,94
1.7999999999999998 5000 18 30 886 45.36396944824443 3,51 0,55 1,32 0,33 0,77 10,42 1,75
0.0 16000 13 60 1563 67.16591511272654 2,67 0,51 1,27 0,13 0,89 13,54 2,86
0.027272727272727275 55000 0 30 202 47.9400275027503 8,96 1,49 6,97 1,49 1,00 13,93 1,99
0.0 27000 1 35 1091 47.320189841409814 2,43 0,69 1,65 0,69 1,47 10,92 0,69
4.428571428571428 3500 2 35 409 64.77338709677423 3,89 0,49 1,95 0,24 1,70 14,60 1,70
0.0 80000 5 30 568 48.0669933471236 4,69 0,87 1,04 1,04 2,26 11,11 3,47
0.0011111111111111111 90000 2 30 440 61.78871565934068 4,87 1,55 1,33 0,88 2,21 10,62 0,44
0.35000000000000003 20000 0 30 145 63.198135135135175 4,76 1,36 1,36 1,36 0,00 11,56 2,04
0.2 500 0 30 152 47.55540322580649 7,14 1,95 2,60 0,65 0,65 13,64 1,30
0.0 5000 0 26 254 51.56885986827163 5,86 2,34 4,30 1,17 1,95 10,94 0,00
0.002 50000 2 30 139 56.08422291993722 3,31 1,99 0,00 1,32 0,66 5,96 1,32
0.0 1700 0 30 630 37.811996904024795 3,74 0,31 3,12 0,47 0,78 13,10 2,03
0.062 50000 21 49 821 45.72158265153516 4,41 0,83 1,67 1,07 1,67 9,77 1,19
10.520754716981132 53000 15 34 2079 56.825957009345814 3,74 0,57 1,70 0,24 1,28 13,59 2,70
0.18636363636363634 44000 0 30 151 46.85158227848103 8,28 1,91 1,27 2,55 1,91 13,38 1,91
0.06666666666666667 6000 21 59 730 54.924962787550754 3,94 0,82 2,31 0,54 0,27 12,23 1,22
0.20252025202520252 8888 0 30 707 52.02200864924552 5,05 0,56 2,10 1,12 2,10 9,68 1,26
0.21052631578947367 4750 7 30 178 26.105000000000018 3,35 1,12 3,91 0,56 1,12 8,94 2,79
0.0 8000 0 30 400 58.876025009473295 5,42 0,49 2,46 0,49 0,49 12,07 2,96
0.0 7500 0 5 440 68.43487967914439 1,99 1,11 1,99 0,44 2,88 15,27 2,43
0.025 4000 0 45 315 38.155846102598304 3,16 1,27 1,27 1,27 1,58 8,23 1,90
0.0 20000 0 30 625 68.18526091586797 3,21 0,32 1,92 0,32 2,72 11,70 4,17
1.0 2500 0 56 127 39.370396825396824 2,86 0,71 0,71 1,43 1,43 7,86 1,43
0.3585714285714286 70000 0 59 1961 44.15563035204568 2,75 1,01 1,25 0,63 1,74 9,03 2,36
0.0 50000 0 60 390 64.18756710016604 4,81 0,48 1,68 0,24 0,24 15,14 0,72
0.0 90000 0 30 132 51.54692103516922 5,19 1,48 2,22 0,74 0,74 11,85 0,74
0.5 10000 0 30 177 45.47762737262741 6,04 0,55 1,65 0,55 1,10 12,09 1,65
0.09090909090909091 110000 0 30 1317 50.550756467194304 6,06 0,30 3,29 0,15 1,12 8,53 2,09
0.14285714285714285 3500 0 35 135 47.18763381995137 2,96 2,22 2,96 1,48 0,00 15,56 2,22
0.00016666666666666666 3000000 0 20 147 56.93285864978904 5,19 2,60 1,95 1,95 2,60 15,58 0,65
0.3888888888888889 9000 0 30 119 31.962033613445385 5,88 0,84 0,84 1,68 0,00 10,08 2,52
0.06 15000 0 30 266 46.35333333333335 2,57 1,84 0,37 1,10 4,78 6,25 1,47
0.0 50000 0 30 250 51.41537931034483 2,33 0,78 0,39 0,39 0,00 10,47 3,88
0.5 200 0 25 217 44.80867737003061 4,15 1,84 1,38 3,23 0,92 14,75 1,38
0.0 50000 0 30 284 51.50909090909096 3,50 2,10 1,05 1,05 1,05 12,59 2,45
0.0 100000 4 27 701 41.93009157509158 4,16 0,55 1,52 0,28 1,66 6,79 0,55
105.0 11000 0 13 174 50.595778388278376 7,87 0,56 1,69 0,56 1,69 10,11 1,12
101.90066666666667 3000 5 35 1333 54.33105132672205 5,99 0,81 1,48 0,07 2,81 10,20 1,48
103.28 2500 0 30 541 47.21659759358292 3,32 1,85 1,29 0,18 0,74 11,44 0,92
105.0 300 1 22 631 61.00448279597852 7,20 1,44 2,08 0,48 2,40 11,36 1,12
107.0 1500 0 33 327 39.26062500000003 7,67 0,92 1,84 0,61 2,15 8,28 1,84
129.5 5000 0 30 377 68.18003971661658 4,71 1,49 2,23 0,99 1,99 10,67 1,99
103.38333333333334 1500 7 37 1478 60.44440290659702 5,48 1,00 1,07 0,27 3,48 9,23 1,00
100.0 2500 0 14 445 68.52357761492338 7,03 1,32 3,52 0,66 2,64 11,43 2,42
168.66666666666669 750 0 15 288 57.85852511415524 8,65 0,69 1,73 0,69 4,15 5,54 1,38
106.81818181818181 5500 31 30 1463 66.16282725259356 4,64 2,73 2,12 0,55 2,73 8,74 0,96
200.0 2000 0 23 164 52.43639473684212 7,14 2,38 3,57 1,19 0,60 8,93 2,38
101.2 2500 0 30 839 39.88559462550029 4,39 0,71 1,07 0,71 1,66 7,47 1,66
108.0 600 0 30 325 51.79514354066987 2,13 1,22 1,52 1,52 0,30 8,21 3,65
100.0 3150 0 34 774 55.72577172672817 4,11 0,62 1,37 0,50 1,87 8,72 1,12
101.21666666666667 6000 4 31 789 50.22030002955958 4,93 1,14 1,26 0,25 2,91 8,60 2,53
135.4 3000 0 25 500 75.19081743081371 5,68 0,39 2,54 0,20 4,11 10,37 1,96
100.82666666666667 750 0 33 893 49.73075775515039 4,18 2,20 0,99 0,55 1,76 11,66 1,65
104.16666666666667 1200 10 32 1216 52.15404231459334 6,29 1,13 2,58 0,40 2,01 11,28 1,53
158.28163265306122 24500 0 60 789 49.3546240601504 6,42 0,50 1,89 0,13 1,51 15,24 0,88
