Filename	Segment	posemo	negemo	reward	risk	focuspast	focuspresent	focusfuture
allText0.txt	1	3,70	0,65	2,83	0,65	2,17	6,74	0,65
allText1.txt	1	2,12	2,54	1,27	0,85	3,81	11,44	0,85
allText10.txt	1	2,04	0,58	1,02	0,44	0,73	6,40	1,75
allText100.txt	1	0,39	0,79	0,00	0,39	0,79	4,33	0,00
allText101.txt	1	3,30	0,30	0,60	0,30	1,20	8,41	1,50
allText102.txt	1	4,29	1,84	1,23	1,84	1,23	11,04	1,23
allText103.txt	1	3,07	1,26	1,44	0,18	2,71	5,42	2,17
allText104.txt	1	5,28	2,64	2,64	0,88	0,88	10,26	1,76
allText105.txt	1	4,76	2,12	0,53	2,65	0,53	7,41	2,12
allText106.txt	1	4,87	1,69	3,18	0,75	3,75	8,99	1,31
allText107.txt	1	4,31	0,86	1,29	0,43	0,86	6,47	2,16
allText108.txt	1	4,38	1,25	2,50	0,62	1,25	7,50	0,62
allText109.txt	1	4,14	1,18	0,89	1,18	0,59	5,62	3,55
allText11.txt	1	2,81	1,40	1,25	0,78	3,28	9,67	2,50
allText110.txt	1	5,38	1,08	3,58	1,43	1,43	16,85	4,66
allText111.txt	1	4,10	0,63	1,58	0,95	3,15	8,83	3,15
allText112.txt	1	7,14	1,10	0,55	1,10	2,75	13,74	1,10
allText113.txt	1	3,23	0,69	1,61	0,46	2,30	7,14	1,38
allText114.txt	1	4,16	0,55	1,66	0,55	1,66	8,86	1,94
allText115.txt	1	4,71	2,09	2,09	1,05	1,57	16,23	2,62
allText116.txt	1	3,69	0,34	1,01	0,17	0,67	10,72	4,19
allText117.txt	1	4,05	0,46	1,83	0,46	2,14	8,33	1,60
allText118.txt	1	9,26	1,85	3,70	1,85	0,00	11,11	3,70
allText119.txt	1	4,24	1,27	0,85	1,69	1,27	9,32	3,81
allText12.txt	1	0,35	0,35	0,00	0,35	0,00	3,51	0,00
allText120.txt	1	2,59	1,04	2,59	0,00	4,15	11,40	1,55
allText121.txt	1	7,14	7,14	0,00	7,14	0,00	7,14	0,00
allText122.txt	1	5,13	2,56	0,00	3,85	2,56	10,26	3,85
allText123.txt	1	5,28	0,00	1,22	0,00	4,47	8,94	2,03
allText124.txt	1	5,16	1,57	3,59	0,67	1,35	13,23	1,57
allText125.txt	1	4,08	2,33	4,37	1,46	0,87	11,08	4,37
allText126.txt	1	5,10	0,78	1,70	0,39	1,05	14,38	2,48
allText127.txt	1	7,47	0,83	2,07	0,83	0,00	13,28	1,24
allText128.txt	1	3,18	0,33	1,43	0,11	1,43	9,11	1,54
allText129.txt	1	4,19	1,86	2,79	0,93	2,33	13,02	2,33
allText13.txt	1	2,91	0,34	1,71	0,34	1,20	10,77	1,88
allText130.txt	1	2,40	1,31	1,97	0,87	0,87	8,30	1,09
allText131.txt	1	3,95	1,97	2,63	1,32	1,32	11,84	1,97
allText132.txt	1	6,71	1,34	1,34	1,34	2,01	12,75	0,67
allText133.txt	1	4,13	0,65	2,45	0,13	1,94	8,39	2,32
allText134.txt	1	4,40	1,89	1,89	1,26	1,26	11,95	1,89
allText135.txt	1	3,08	0,47	1,66	0,47	4,03	8,53	2,61
allText136.txt	1	8,27	0,71	4,03	0,30	1,71	10,89	0,81
allText137.txt	1	3,44	0,39	0,98	0,10	2,46	6,89	1,87
allText138.txt	1	5,13	0,64	1,92	0,64	0,00	8,97	0,00
allText139.txt	1	5,66	1,89	5,66	0,00	0,00	20,75	0,00
allText14.txt	1	3,17	0,60	1,51	0,75	1,51	10,41	2,71
allText140.txt	1	3,77	0,94	2,04	0,47	2,83	12,09	2,04
allText141.txt	1	3,14	1,14	2,29	0,86	0,29	8,29	1,43
allText142.txt	1	4,47	0,17	1,77	0,76	1,69	7,84	1,18
allText143.txt	1	4,16	0,90	3,07	0,54	4,16	6,87	1,63
allText144.txt	1	4,38	2,36	3,37	1,68	2,36	16,84	2,02
allText145.txt	1	2,96	0,74	1,48	1,48	0,74	7,41	3,70
allText146.txt	1	4,78	1,37	3,19	0,23	4,10	9,34	2,28
allText147.txt	1	6,90	0,00	0,00	0,00	5,17	3,45	0,00
allText148.txt	1	3,39	1,03	1,47	0,15	2,06	7,52	1,18
allText149.txt	1	2,07	2,07	3,31	0,83	6,61	10,33	0,83
allText15.txt	1	6,90	1,25	2,19	0,63	2,82	10,55	1,88
allText150.txt	1	3,62	0,70	0,84	0,56	2,09	5,71	1,81
allText151.txt	1	4,17	0,89	1,49	0,60	0,89	11,01	1,49
allText152.txt	1	1,69	0,56	0,00	0,56	0,00	2,81	0,00
allText153.txt	1	5,93	1,15	3,40	0,29	2,59	6,85	1,04
allText154.txt	1	5,60	0,40	1,20	0,40	4,00	10,80	0,80
allText155.txt	1	4,05	0,51	3,04	0,17	3,04	10,64	1,35
allText156.txt	1	1,59	0,40	1,20	0,00	4,38	10,76	2,79
allText157.txt	1	4,48	0,69	1,90	0,34	3,10	10,34	1,55
allText158.txt	1	2,84	0,83	1,84	0,67	1,34	9,35	3,67
allText159.txt	1	6,04	2,68	0,00	1,34	2,68	13,42	0,67
allText16.txt	1	3,23	1,74	1,86	2,11	1,12	7,07	0,87
allText160.txt	1	3,76	0,75	1,50	0,75	3,76	12,03	1,50
allText161.txt	1	5,14	2,80	2,34	0,47	1,40	11,68	1,87
allText162.txt	1	3,67	0,83	1,67	0,17	1,83	8,67	2,00
allText163.txt	1	4,70	1,06	1,67	0,45	2,12	10,15	1,52
allText164.txt	1	5,38	1,08	0,00	1,08	0,00	15,05	3,23
allText165.txt	1	5,85	0,66	2,52	0,53	2,13	12,49	2,59
allText166.txt	1	3,23	0,60	1,41	0,81	1,21	6,65	1,41
allText167.txt	1	6,15	1,12	1,68	0,56	1,68	7,26	2,79
allText168.txt	1	2,62	1,64	0,66	1,31	4,26	11,15	3,61
allText169.txt	1	2,78	1,00	0,78	0,67	4,78	6,23	1,45
allText17.txt	1	3,90	0,73	2,20	0,98	1,95	9,76	2,20
allText170.txt	1	5,36	1,79	0,89	0,89	2,23	12,95	2,23
allText171.txt	1	2,64	0,96	2,64	0,24	2,88	10,58	1,44
allText172.txt	1	5,94	0,54	2,16	0,54	0,36	7,01	1,08
allText173.txt	1	3,51	0,25	1,50	1,00	1,00	5,01	3,76
allText174.txt	1	4,23	0,47	1,41	0,47	4,69	8,92	2,82
allText175.txt	1	6,29	0,63	1,26	0,00	1,89	11,32	0,00
allText176.txt	1	3,67	0,61	2,24	0,20	2,85	8,15	2,04
allText177.txt	1	4,71	0,67	2,91	0,45	0,90	11,21	2,69
allText178.txt	1	10,00	1,82	1,82	1,82	0,91	10,91	2,73
allText179.txt	1	3,41	2,27	1,14	2,27	2,27	14,77	4,55
allText18.txt	1	2,79	0,93	1,46	0,27	5,19	7,05	0,66
allText180.txt	1	2,47	0,33	2,31	0,49	1,98	11,37	2,47
allText181.txt	1	4,74	0,47	2,37	0,24	1,66	13,74	1,42
allText182.txt	1	4,08	0,96	2,40	0,00	7,19	8,39	0,72
allText183.txt	1	2,52	0,84	0,42	0,42	4,62	10,50	0,84
allText184.txt	1	4,79	0,60	4,19	0,60	2,40	10,18	0,60
allText185.txt	1	5,14	0,84	1,56	0,00	1,67	11,84	0,72
allText186.txt	1	4,00	0,75	1,50	0,75	2,75	8,50	1,50
allText187.txt	1	5,56	0,84	1,85	0,17	2,53	13,80	1,85
allText188.txt	1	4,76	0,91	1,81	0,68	2,27	11,79	1,81
allText189.txt	1	1,80	0,00	2,70	0,00	0,00	12,61	0,00
allText19.txt	1	2,48	0,62	0,00	0,62	4,97	7,45	1,24
allText190.txt	1	7,51	0,00	2,10	0,00	4,20	12,31	1,50
allText191.txt	1	7,18	1,10	1,10	0,55	4,42	17,13	0,55
allText192.txt	1	4,73	0,59	2,96	0,00	4,14	7,10	0,00
allText193.txt	1	4,65	0,88	0,82	0,16	4,02	6,40	1,76
allText194.txt	1	2,41	3,61	2,41	1,20	3,61	9,64	2,41
allText195.txt	1	6,25	1,30	1,56	0,52	1,56	10,42	1,30
allText196.txt	1	5,61	0,00	2,27	0,00	3,13	10,14	1,19
allText197.txt	1	2,71	2,37	1,69	0,00	0,68	3,73	1,69
allText198.txt	1	6,32	0,79	0,40	0,79	0,79	10,67	2,77
allText199.txt	1	4,29	0,24	2,62	0,00	2,62	10,48	0,95
allText2.txt	1	1,76	1,47	0,44	1,32	0,59	7,77	3,37
allText20.txt	1	5,15	1,47	1,47	1,47	2,21	10,29	2,21
allText200.txt	1	4,57	0,26	2,76	0,09	3,27	11,02	1,89
allText201.txt	1	5,75	0,52	1,92	0,35	2,26	8,89	1,92
allText202.txt	1	4,03	0,81	1,61	0,81	4,03	14,52	1,61
allText203.txt	1	4,86	0,63	1,90	0,63	1,90	10,36	3,59
allText204.txt	1	5,68	0,87	3,49	0,87	2,18	10,48	0,00
allText205.txt	1	4,66	0,82	1,37	0,55	2,19	12,33	2,74
allText206.txt	1	4,70	0,98	2,40	0,44	2,84	8,85	2,95
allText207.txt	1	3,79	0,00	2,27	0,00	3,79	12,88	0,76
allText208.txt	1	3,05	0,96	1,28	0,16	4,33	14,29	1,28
allText209.txt	1	4,62	0,97	1,95	0,49	3,16	8,52	2,43
allText21.txt	1	5,17	2,59	3,45	1,72	1,29	7,76	3,45
allText210.txt	1	6,75	2,00	2,00	1,00	2,50	11,75	0,50
allText211.txt	1	3,64	0,36	2,18	0,00	4,00	9,82	1,82
allText212.txt	1	7,41	0,46	2,31	0,00	1,85	14,35	2,31
allText213.txt	1	7,29	1,52	1,22	0,00	0,91	10,64	0,30
allText214.txt	1	7,14	0,00	0,95	0,00	2,86	13,81	1,43
allText215.txt	1	1,56	0,52	0,52	0,00	1,56	5,21	2,34
allText216.txt	1	6,97	0,41	1,02	0,20	0,82	9,43	1,84
allText217.txt	1	7,24	0,54	2,41	0,00	1,07	10,19	2,14
allText218.txt	1	6,91	0,46	2,76	0,46	0,46	11,06	2,76
allText219.txt	1	4,71	0,88	2,36	0,74	4,27	10,60	1,18
allText22.txt	1	2,50	0,71	1,07	0,71	0,36	8,57	3,21
allText220.txt	1	4,55	1,52	0,00	1,52	0,00	12,12	1,52
allText221.txt	1	5,56	0,00	2,12	0,00	1,32	7,94	3,97
allText222.txt	1	5,73	0,72	2,51	0,36	0,72	12,90	3,58
allText223.txt	1	3,35	1,29	2,06	0,52	3,87	12,89	1,80
allText224.txt	1	5,07	0,45	2,38	0,15	2,53	11,18	1,49
allText225.txt	1	2,84	0,00	1,42	0,00	2,37	10,43	0,95
allText226.txt	1	4,31	0,57	2,87	0,57	2,01	13,79	3,45
allText227.txt	1	4,76	0,00	2,38	0,00	0,00	11,90	7,14
allText228.txt	1	7,21	0,00	1,80	0,00	0,90	10,81	5,41
allText229.txt	1	4,20	0,56	2,24	0,14	3,50	12,45	1,68
allText23.txt	1	4,39	0,53	1,93	0,53	1,58	12,30	1,58
allText230.txt	1	7,58	0,76	1,52	0,76	2,27	9,09	2,27
allText231.txt	1	3,92	0,98	0,98	0,98	3,43	9,80	1,47
allText232.txt	1	5,20	0,89	2,38	0,45	1,19	9,21	0,89
allText233.txt	1	5,46	1,09	1,64	0,00	0,55	13,11	2,73
allText234.txt	1	6,03	0,32	2,22	0,32	3,49	12,38	2,54
allText235.txt	1	4,51	0,24	2,61	0,36	2,97	13,76	1,54
allText236.txt	1	1,75	0,75	2,24	0,25	2,24	12,47	1,25
allText237.txt	1	7,10	0,55	2,19	0,55	1,64	12,57	5,46
allText238.txt	1	3,34	0,24	1,19	0,00	3,82	12,89	3,10
allText239.txt	1	1,61	0,20	0,81	0,20	0,40	4,23	2,42
allText24.txt	1	3,79	0,76	3,79	1,14	0,38	12,88	3,41
allText240.txt	1	4,61	0,00	0,00	0,00	0,00	6,58	1,32
allText241.txt	1	1,98	1,10	0,44	0,44	1,54	8,37	0,77
allText242.txt	1	2,14	0,71	1,43	0,71	1,43	10,71	2,86
allText243.txt	1	7,57	1,31	2,35	0,52	2,61	10,18	1,04
allText244.txt	1	2,81	0,47	0,47	0,23	0,94	6,09	2,81
allText245.txt	1	3,06	0,70	1,31	0,17	4,11	6,99	1,22
allText246.txt	1	4,72	0,73	1,73	0,30	2,63	11,40	1,56
allText247.txt	1	4,09	0,63	1,57	0,94	1,26	13,21	1,57
allText248.txt	1	3,65	0,11	1,11	0,22	1,44	7,52	0,66
allText249.txt	1	1,69	0,34	0,00	0,34	2,03	12,84	1,01
allText25.txt	1	2,02	0,21	0,84	0,04	0,55	6,32	1,01
allText250.txt	1	5,03	0,21	1,05	0,00	0,84	5,66	2,10
allText251.txt	1	4,81	0,37	2,59	1,85	1,11	7,04	1,48
allText252.txt	1	5,13	1,28	1,28	1,92	0,64	7,69	0,64
allText253.txt	1	2,18	0,73	0,73	1,09	2,91	4,73	1,09
allText254.txt	1	4,63	1,12	0,70	0,70	2,38	10,24	2,24
allText255.txt	1	5,41	1,35	4,05	1,35	1,35	13,51	1,35
allText256.txt	1	6,70	0,19	2,70	0,19	1,77	9,67	1,40
allText257.txt	1	6,25	1,30	1,30	0,78	3,39	7,55	1,30
allText258.txt	1	5,79	0,55	1,93	0,28	3,31	10,19	1,65
allText259.txt	1	4,50	0,82	1,36	0,27	5,31	9,67	0,82
allText26.txt	1	4,01	1,72	2,67	0,95	3,44	14,69	2,86
allText260.txt	1	7,72	0,41	4,47	0,41	2,44	11,79	2,85
allText261.txt	1	2,51	0,50	2,68	0,67	1,67	8,70	5,02
allText262.txt	1	1,80	1,04	0,83	0,14	1,73	2,77	0,83
allText263.txt	1	2,23	0,00	3,35	0,00	0,56	10,06	3,35
allText264.txt	1	2,76	0,00	0,61	0,00	1,84	7,36	1,84
allText265.txt	1	0,74	0,74	0,00	0,25	0,00	0,50	0,00
allText266.txt	1	5,41	2,70	0,00	2,70	0,00	8,11	2,70
allText267.txt	1	5,13	0,79	3,16	0,39	2,17	10,65	0,39
allText268.txt	1	5,70	1,10	2,30	0,90	1,00	11,00	2,30
allText269.txt	1	2,86	0,48	0,48	0,48	2,86	7,62	1,90
allText27.txt	1	4,88	1,22	1,22	1,22	0,61	12,80	1,83
allText270.txt	1	2,90	0,48	0,97	0,48	7,25	7,73	0,48
allText271.txt	1	1,82	0,61	0,61	0,61	1,82	9,70	1,21
allText272.txt	1	7,26	0,43	2,14	0,43	2,14	10,26	2,99
allText273.txt	1	3,74	0,57	2,59	0,57	3,45	6,61	1,72
allText274.txt	1	4,17	1,11	1,67	1,11	2,22	10,00	0,83
allText275.txt	1	5,53	0,54	3,75	0,45	2,05	11,06	0,98
allText276.txt	1	7,02	0,44	2,19	0,44	0,88	5,70	1,32
allText277.txt	1	4,62	0,19	3,95	0,29	1,44	9,82	1,92
allText278.txt	1	4,21	0,32	0,65	0,65	0,00	7,77	1,62
allText279.txt	1	4,68	0,00	0,85	0,00	0,85	9,36	2,13
allText28.txt	1	2,63	2,63	1,67	3,59	0,48	9,81	1,67
allText280.txt	1	5,12	0,47	0,93	0,47	0,00	9,77	2,33
allText281.txt	1	3,23	0,69	1,15	0,69	2,54	6,53	1,38
allText282.txt	1	3,16	0,89	0,76	0,76	2,78	6,08	1,77
allText283.txt	1	3,31	0,22	1,99	0,22	1,10	8,17	3,31
allText284.txt	1	5,90	0,16	2,30	0,16	2,79	10,82	1,64
allText285.txt	1	6,15	1,08	1,27	0,36	3,80	6,51	1,08
allText286.txt	1	4,26	0,68	2,81	0,29	3,78	9,00	0,97
allText287.txt	1	3,03	0,34	2,19	0,17	1,68	7,32	1,52
allText288.txt	1	4,43	0,74	0,99	0,25	1,72	6,90	1,23
allText289.txt	1	5,13	0,62	1,85	0,41	3,70	8,21	2,05
allText29.txt	1	7,02	0,84	3,65	1,12	3,37	12,92	1,12
allText290.txt	1	4,63	0,63	1,26	0,63	1,89	8,42	3,79
allText291.txt	1	3,94	0,59	1,92	0,10	3,25	8,37	1,43
allText292.txt	1	5,32	0,92	1,47	0,37	2,75	8,99	1,83
allText293.txt	1	4,22	0,50	2,36	0,07	4,00	9,65	0,93
allText294.txt	1	4,86	0,27	1,78	0,27	2,53	8,01	0,96
allText295.txt	1	2,86	0,63	0,00	0,63	0,63	5,40	1,59
allText296.txt	1	4,62	0,97	2,68	0,49	2,92	12,65	2,19
allText297.txt	1	5,82	0,25	2,78	0,25	2,03	12,15	2,03
allText298.txt	1	4,86	2,34	1,44	1,26	2,34	9,01	0,90
allText299.txt	1	4,44	1,18	1,48	0,30	1,48	10,06	1,18
allText3.txt	1	4,46	0,99	2,97	0,50	4,95	7,92	0,99
allText30.txt	1	4,20	0,42	2,52	0,28	1,96	12,18	2,94
allText300.txt	1	4,39	0,56	1,82	0,08	1,88	7,54	1,56
allText301.txt	1	4,49	0,32	1,60	0,21	2,89	6,84	2,46
allText302.txt	1	3,04	0,91	1,11	0,20	1,01	5,37	2,13
allText303.txt	1	3,24	0,46	2,38	0,46	1,32	10,11	2,12
allText304.txt	1	3,59	1,20	2,13	0,53	1,59	8,64	0,93
allText305.txt	1	3,88	0,42	2,00	0,50	2,96	9,56	0,83
allText306.txt	1	4,23	1,36	2,04	0,49	2,61	8,81	1,74
allText307.txt	1	3,27	0,62	1,63	0,31	1,71	8,09	2,26
allText308.txt	1	2,84	0,87	1,14	0,08	3,71	8,24	1,62
allText309.txt	1	2,95	0,00	1,11	0,00	4,80	8,86	2,21
allText31.txt	1	5,01	0,56	2,23	0,28	0,28	14,76	4,74
allText310.txt	1	3,47	0,75	1,28	0,45	2,64	8,82	1,43
allText311.txt	1	4,54	1,32	1,97	0,43	1,79	7,19	1,50
allText312.txt	1	4,11	0,39	1,92	0,05	2,51	6,05	0,96
allText313.txt	1	2,94	1,05	2,31	0,21	3,68	10,52	1,79
allText314.txt	1	4,90	1,22	2,33	0,37	1,28	10,57	2,13
allText315.txt	1	3,52	1,96	2,14	0,41	1,58	6,99	1,67
allText316.txt	1	2,92	0,87	1,18	0,24	2,45	6,95	1,58
allText317.txt	1	3,55	1,18	1,38	0,39	3,16	10,45	1,58
allText318.txt	1	3,59	0,65	0,98	0,16	1,31	10,28	1,63
allText319.txt	1	4,30	0,72	1,98	0,33	1,98	9,87	1,82
allText32.txt	1	4,07	1,36	2,71	0,78	0,97	12,21	1,36
allText320.txt	1	4,89	1,30	3,14	0,13	2,06	8,07	1,52
allText321.txt	1	3,29	1,53	1,35	0,65	1,24	10,00	1,47
allText322.txt	1	4,85	2,37	1,48	0,69	1,29	6,23	1,48
allText323.txt	1	4,10	2,39	2,19	1,34	1,62	11,64	2,96
allText324.txt	1	4,81	0,16	1,71	0,78	1,55	9,63	1,40
allText325.txt	1	3,41	0,36	1,67	0,15	2,18	10,31	0,87
allText326.txt	1	2,85	0,64	1,18	0,29	1,72	8,34	0,88
allText327.txt	1	3,09	0,30	1,30	0,10	3,69	6,88	1,20
allText328.txt	1	2,78	0,22	1,72	0,09	2,60	6,96	2,47
allText329.txt	1	4,76	0,75	2,12	0,11	1,26	9,87	1,03
allText33.txt	1	5,10	1,02	1,02	1,02	2,04	11,22	2,04
allText330.txt	1	5,52	0,48	4,32	0,24	1,44	8,63	1,44
allText331.txt	1	2,42	2,49	0,99	1,55	1,24	8,64	2,92
allText332.txt	1	3,74	1,30	2,04	0,28	1,02	8,79	1,42
allText333.txt	1	5,20	2,29	2,21	0,55	2,84	11,51	1,02
allText334.txt	1	4,03	1,73	1,25	0,51	1,05	8,60	2,45
allText335.txt	1	4,39	1,73	1,73	0,72	3,16	8,10	1,31
allText336.txt	1	2,20	1,51	1,93	0,41	3,30	11,28	1,65
allText337.txt	1	4,11	1,80	2,18	0,84	1,61	8,94	2,02
allText338.txt	1	3,97	0,89	1,91	0,32	2,59	7,62	1,91
allText339.txt	1	2,01	2,01	1,34	0,67	0,50	7,69	4,01
allText34.txt	1	4,50	0,39	2,94	0,59	0,59	9,98	3,72
allText340.txt	1	4,50	0,97	1,77	0,44	2,29	11,12	3,27
allText341.txt	1	2,56	1,87	2,41	0,79	1,38	9,74	4,23
allText342.txt	1	4,28	1,33	2,21	0,59	2,65	6,34	1,62
allText343.txt	1	3,47	2,56	2,29	0,32	0,43	8,06	2,24
allText344.txt	1	3,91	1,13	3,14	0,18	0,89	10,31	3,14
allText345.txt	1	7,60	1,00	3,80	0,27	1,40	9,00	2,27
allText346.txt	1	3,25	0,27	0,81	0,00	1,90	8,13	1,63
allText347.txt	1	5,14	3,79	2,87	1,16	2,20	7,22	0,80
allText348.txt	1	2,38	1,75	1,03	0,56	2,06	9,21	1,98
allText349.txt	1	4,98	0,80	4,38	0,40	1,79	10,76	1,39
allText35.txt	1	0,68	0,68	0,68	1,36	5,44	11,56	0,00
allText350.txt	1	3,67	1,07	1,64	0,34	1,35	8,92	1,52
allText351.txt	1	3,00	0,67	2,78	0,36	2,24	9,60	2,83
allText352.txt	1	5,14	0,99	2,57	0,20	2,27	7,81	1,98
allText353.txt	1	4,82	1,90	2,55	0,38	1,84	8,72	1,73
allText354.txt	1	2,86	1,46	1,79	0,67	1,79	8,81	1,63
allText355.txt	1	3,59	0,70	2,55	0,00	1,39	12,51	1,85
allText356.txt	1	3,36	0,84	1,17	0,50	2,01	7,55	2,01
allText357.txt	1	3,37	0,88	1,62	0,34	2,76	10,57	1,89
allText358.txt	1	4,20	0,84	2,47	0,26	1,68	8,24	1,84
allText359.txt	1	3,37	0,80	2,97	0,24	2,65	9,46	2,00
allText36.txt	1	2,44	0,28	1,32	0,28	3,34	10,52	2,51
allText360.txt	1	3,44	1,96	2,01	0,50	5,14	5,21	1,04
allText361.txt	1	4,44	1,65	1,01	0,63	1,77	9,13	2,53
allText362.txt	1	2,89	2,60	1,16	0,29	2,02	10,98	2,02
allText363.txt	1	3,40	1,56	0,99	0,43	1,42	9,50	2,70
allText364.txt	1	3,98	1,19	1,19	0,20	1,39	9,74	2,19
allText365.txt	1	3,30	0,76	1,65	0,36	1,54	9,69	2,83
allText366.txt	1	3,54	1,23	1,82	0,60	2,35	8,81	1,49
allText367.txt	1	2,73	2,50	1,72	0,67	1,67	9,79	1,45
allText368.txt	1	4,70	0,63	2,93	0,10	3,66	7,42	1,25
allText369.txt	1	3,07	0,84	2,51	0,14	1,53	10,32	1,95
allText37.txt	1	8,87	0,99	4,43	0,99	1,97	12,32	0,49
allText370.txt	1	4,07	2,66	1,12	0,42	2,66	9,68	1,82
allText371.txt	1	3,86	1,14	1,52	0,32	3,86	8,60	1,71
allText372.txt	1	5,24	1,14	1,59	0,23	1,82	8,66	1,37
allText373.txt	1	2,47	2,79	1,27	0,57	1,65	7,98	2,47
allText374.txt	1	2,77	1,11	2,45	0,49	1,34	8,71	1,63
allText375.txt	1	4,12	0,41	2,50	0,27	2,16	11,07	1,35
allText376.txt	1	5,20	0,71	2,44	0,24	3,15	11,19	1,65
allText377.txt	1	3,62	0,97	1,33	0,36	2,17	10,75	1,69
allText378.txt	1	4,10	2,43	2,18	0,34	1,26	7,87	2,18
allText379.txt	1	4,91	1,27	1,82	0,36	0,73	5,27	1,45
allText38.txt	1	8,70	6,52	6,52	6,52	2,17	10,87	4,35
allText380.txt	1	3,32	1,75	2,33	0,58	2,33	9,69	3,36
allText381.txt	1	2,63	1,48	1,60	0,68	2,51	8,90	1,40
allText382.txt	1	2,26	2,00	1,64	1,33	1,87	7,74	1,31
allText383.txt	1	3,40	1,66	1,08	0,58	1,82	9,44	1,33
allText384.txt	1	6,85	1,49	1,93	0,44	1,67	10,28	2,11
allText385.txt	1	3,49	0,81	1,05	0,23	4,31	10,36	1,28
allText386.txt	1	2,89	2,07	1,09	0,23	3,63	5,62	1,33
allText387.txt	1	3,15	1,21	0,74	0,47	3,02	9,26	1,21
allText388.txt	1	2,89	1,18	2,15	0,39	2,20	10,04	2,11
allText389.txt	1	2,17	1,18	1,79	0,24	1,93	6,64	1,70
allText39.txt	1	5,79	1,10	1,93	0,55	3,86	7,99	1,65
allText390.txt	1	5,59	0,31	1,72	0,25	1,35	10,38	1,17
allText391.txt	1	4,44	1,45	1,97	0,51	2,91	9,66	1,88
allText392.txt	1	4,20	0,74	1,98	0,49	3,21	9,14	0,99
allText393.txt	1	1,97	1,11	1,80	0,43	0,51	7,96	2,22
allText394.txt	1	4,08	1,53	0,51	0,51	1,02	10,88	2,72
allText395.txt	1	5,41	1,08	1,62	0,27	1,35	8,11	0,54
allText396.txt	1	4,00	1,43	2,25	0,50	1,79	9,40	2,93
allText397.txt	1	3,55	0,92	1,83	0,00	1,95	9,05	1,26
allText398.txt	1	3,68	1,25	1,60	0,53	2,67	8,67	1,54
allText399.txt	1	5,02	0,58	1,40	0,25	2,06	8,06	1,40
allText4.txt	1	0,43	0,43	0,00	0,43	0,00	6,01	0,00
allText40.txt	1	3,97	0,33	1,49	0,50	0,83	8,94	1,49
allText400.txt	1	4,42	1,46	2,60	0,12	1,14	8,12	1,64
allText401.txt	1	5,86	0,17	1,98	0,00	3,36	10,09	1,47
allText402.txt	1	4,23	1,80	2,17	0,90	1,36	9,62	3,07
allText403.txt	1	4,56	2,46	2,05	0,68	2,69	8,20	1,28
allText404.txt	1	3,74	2,25	1,12	1,22	1,68	9,92	2,62
allText405.txt	1	3,66	1,40	2,48	0,32	1,16	5,59	2,85
allText406.txt	1	5,41	0,10	1,20	0,00	1,90	8,22	2,40
allText407.txt	1	3,39	4,68	1,75	0,94	1,87	8,07	0,58
allText408.txt	1	4,35	2,07	2,69	0,31	0,83	8,83	1,73
allText409.txt	1	5,14	1,10	1,47	0,18	1,65	6,42	0,37
allText41.txt	1	4,35	0,97	1,69	0,72	0,97	10,87	3,86
allText410.txt	1	2,99	2,40	2,01	0,59	0,92	8,81	2,63
allText411.txt	1	4,01	2,22	2,44	0,26	1,79	6,97	2,00
allText412.txt	1	3,29	1,06	2,15	0,23	1,20	7,85	1,66
allText413.txt	1	3,55	0,13	1,71	0,26	0,92	11,18	2,24
allText414.txt	1	5,52	0,44	2,47	0,29	2,03	9,51	1,60
allText415.txt	1	6,00	1,66	2,68	0,43	0,75	7,66	2,14
allText416.txt	1	4,09	0,27	1,09	0,27	1,63	8,45	4,90
allText417.txt	1	4,18	1,15	2,91	1,03	2,18	9,87	2,18
allText418.txt	1	3,85	0,80	1,55	0,23	2,35	5,35	0,85
allText419.txt	1	3,49	0,38	2,31	0,25	1,35	7,57	2,52
allText42.txt	1	5,34	0,97	0,00	0,97	2,43	15,53	3,40
allText420.txt	1	4,44	1,73	0,65	0,98	1,52	10,51	1,30
allText421.txt	1	3,26	0,36	2,54	0,36	0,72	12,68	2,90
allText422.txt	1	4,63	1,40	2,48	0,43	1,94	10,24	2,48
allText423.txt	1	3,89	2,17	1,15	0,13	1,85	6,75	1,21
allText424.txt	1	4,18	1,32	1,54	0,44	0,88	8,57	1,76
allText425.txt	1	4,89	3,11	1,93	0,59	1,19	8,89	2,81
allText426.txt	1	3,05	0,76	1,78	1,27	1,78	7,38	2,29
allText427.txt	1	2,03	0,29	1,16	0,29	1,45	4,36	3,78
allText428.txt	1	5,82	0,34	5,65	0,68	2,23	9,25	2,57
allText429.txt	1	1,60	2,45	5,02	0,32	0,64	6,83	4,38
allText43.txt	1	1,96	0,65	3,27	0,65	2,61	12,42	1,31
allText430.txt	1	6,05	1,08	2,59	0,86	1,73	12,10	1,94
allText431.txt	1	4,58	1,54	2,20	0,33	1,87	7,76	2,62
allText432.txt	1	4,46	0,48	3,98	0,16	0,96	11,46	3,34
allText433.txt	1	2,91	1,64	2,09	1,12	0,89	11,71	3,73
allText434.txt	1	3,62	0,43	2,03	0,21	1,17	8,10	2,13
allText435.txt	1	2,85	1,58	1,77	0,70	1,27	11,02	1,65
allText436.txt	1	3,87	3,87	0,92	0,18	0,74	9,04	1,85
allText437.txt	1	4,86	1,78	1,78	0,32	1,30	9,56	1,13
allText438.txt	1	1,46	0,73	0,49	0,00	1,22	10,95	0,97
allText439.txt	1	4,46	3,37	1,98	0,10	1,29	8,03	2,48
allText44.txt	1	3,19	2,13	4,26	2,13	3,19	9,57	2,13
allText440.txt	1	3,70	0,44	1,33	0,44	1,18	6,95	3,11
allText441.txt	1	3,38	0,32	2,25	0,32	0,64	9,34	2,90
allText442.txt	1	6,24	0,84	3,37	0,67	1,52	10,62	2,53
allText443.txt	1	2,50	0,31	1,56	0,31	0,94	10,62	3,12
allText444.txt	1	4,85	2,42	1,21	1,21	2,42	10,30	1,21
allText445.txt	1	2,38	0,30	1,37	0,24	4,17	6,31	0,66
allText446.txt	1	4,60	0,92	2,02	0,74	3,68	10,66	1,29
allText447.txt	1	5,34	0,30	2,08	0,30	0,30	11,87	3,26
allText448.txt	1	5,06	0,81	2,07	0,81	1,38	9,21	2,19
allText449.txt	1	4,71	0,88	2,06	0,59	1,18	9,41	2,35
allText45.txt	1	3,52	1,51	0,50	1,01	0,50	8,04	1,51
allText450.txt	1	4,93	0,90	0,00	0,45	0,90	6,73	1,79
allText451.txt	1	8,11	0,54	4,86	0,54	3,24	14,59	1,62
allText452.txt	1	3,61	1,90	1,90	1,33	1,90	7,97	1,90
allText453.txt	1	3,68	1,47	0,00	1,47	0,00	13,97	1,47
allText454.txt	1	4,39	0,88	1,75	0,58	1,46	11,70	3,51
allText455.txt	1	4,27	1,28	3,85	1,28	0,43	15,81	0,00
allText456.txt	1	5,43	2,17	1,09	1,09	0,00	6,52	3,26
allText457.txt	1	4,42	1,18	0,29	0,59	2,06	7,08	3,83
allText458.txt	1	6,78	0,42	0,42	0,42	0,85	11,44	0,00
allText459.txt	1	4,17	4,17	0,00	5,56	1,39	22,22	1,39
allText46.txt	1	1,48	1,48	0,00	1,48	5,19	6,67	2,22
allText460.txt	1	1,63	1,09	1,63	0,00	0,54	5,98	0,54
allText461.txt	1	4,15	0,92	2,07	0,69	1,38	10,37	3,00
allText462.txt	1	4,42	1,77	3,54	1,33	1,77	9,29	1,77
allText463.txt	1	5,86	0,42	1,67	0,84	0,42	10,46	2,09
allText464.txt	1	4,58	0,76	1,78	1,02	2,54	10,94	1,91
allText465.txt	1	4,31	2,78	1,67	0,56	1,39	10,14	2,36
allText466.txt	1	3,66	1,02	1,32	0,73	1,32	10,54	2,49
allText467.txt	1	6,75	1,91	1,91	0,15	0,88	9,99	1,03
allText468.txt	1	4,35	1,96	1,45	0,51	2,39	9,98	1,37
allText469.txt	1	4,24	2,12	2,12	0,85	2,97	9,75	1,48
allText47.txt	1	5,69	2,16	0,98	0,59	2,16	8,82	1,76
allText470.txt	1	4,66	1,23	1,51	0,41	1,23	12,05	0,82
allText471.txt	1	3,11	1,64	3,11	0,98	1,64	12,44	4,09
allText472.txt	1	1,82	2,08	0,00	0,26	2,60	7,81	3,91
allText473.txt	1	2,87	2,87	2,87	0,00	0,57	9,77	0,57
allText474.txt	1	2,40	0,40	1,40	0,40	0,80	10,38	5,19
allText475.txt	1	5,76	1,54	1,13	0,72	3,29	12,02	0,72
allText476.txt	1	2,65	0,00	1,99	0,00	0,00	11,26	4,64
allText477.txt	1	3,87	1,29	0,65	1,94	0,00	10,97	0,65
allText478.txt	1	3,79	3,41	0,76	1,14	3,41	9,09	3,03
allText479.txt	1	5,87	1,71	1,47	1,22	0,73	12,47	3,91
allText48.txt	1	5,05	0,53	1,60	0,53	1,33	14,63	2,39
allText480.txt	1	4,64	1,27	2,11	0,84	0,00	10,55	2,95
allText481.txt	1	3,29	2,31	0,66	0,66	0,82	2,64	0,99
allText482.txt	1	4,97	1,24	1,66	0,83	0,83	10,56	1,45
allText483.txt	1	5,28	2,44	2,44	1,63	3,66	10,98	1,22
allText484.txt	1	2,89	0,32	0,96	0,64	1,29	8,36	3,22
allText485.txt	1	4,93	1,42	2,62	0,94	1,78	10,01	2,10
allText486.txt	1	3,80	2,64	0,66	1,16	2,98	9,26	0,83
allText487.txt	1	3,75	0,80	1,56	0,31	2,73	6,17	1,12
allText488.txt	1	3,55	7,10	2,96	3,55	2,96	7,10	1,18
allText489.txt	1	3,19	1,60	1,86	0,27	2,93	15,16	2,39
allText49.txt	1	3,48	0,63	0,95	0,63	3,80	9,18	4,11
allText490.txt	1	1,41	1,41	0,47	0,94	1,41	7,04	2,35
allText491.txt	1	3,15	2,63	1,18	1,05	2,89	5,12	1,18
allText492.txt	1	1,94	0,88	1,23	0,70	1,76	13,73	1,76
allText493.txt	1	1,39	0,54	0,61	0,21	1,11	2,79	0,68
allText494.txt	1	3,81	2,03	1,52	1,52	4,57	14,72	1,52
allText495.txt	1	3,42	4,11	2,74	1,37	2,74	14,38	1,37
allText496.txt	1	6,79	1,07	0,71	0,36	0,36	14,64	1,07
allText497.txt	1	3,43	3,43	0,00	1,71	4,00	10,86	1,14
allText498.txt	1	2,68	2,68	0,77	0,38	0,38	13,79	2,30
allText499.txt	1	2,64	1,42	2,64	0,41	1,42	13,62	1,63
allText5.txt	1	3,23	1,47	1,17	1,17	1,27	10,07	2,93
allText50.txt	1	2,50	1,25	3,12	2,50	2,50	5,62	4,38
allText500.txt	1	3,76	1,88	2,63	1,88	3,38	15,41	0,38
allText501.txt	1	5,68	0,00	1,14	1,14	1,14	11,36	0,00
allText502.txt	1	0,00	6,45	3,23	0,00	3,23	11,29	0,00
allText503.txt	1	4,55	0,49	1,62	0,49	0,65	9,09	2,27
allText504.txt	1	2,58	0,00	0,00	0,65	0,00	13,55	1,94
allText505.txt	1	7,13	0,27	1,37	0,27	2,06	9,47	1,51
allText506.txt	1	5,01	1,59	0,68	0,68	2,28	8,43	0,91
allText507.txt	1	3,98	1,53	2,14	0,76	4,13	8,56	1,07
allText508.txt	1	4,84	0,47	1,33	0,00	0,38	7,22	1,52
allText509.txt	1	2,14	0,84	1,60	0,23	3,36	8,10	1,68
allText51.txt	1	4,11	0,63	1,58	0,63	1,90	7,91	2,53
allText510.txt	1	7,38	1,01	1,34	0,34	3,02	8,05	4,70
allText511.txt	1	1,96	1,96	0,00	1,96	1,96	15,69	0,00
allText512.txt	1	5,38	0,77	1,15	1,92	0,77	10,77	0,77
allText513.txt	1	4,80	1,09	0,87	0,87	0,66	8,95	1,75
allText514.txt	1	4,61	1,29	1,29	0,74	1,11	12,18	0,92
allText515.txt	1	3,47	0,35	1,39	0,00	0,00	10,07	0,69
allText516.txt	1	3,02	0,46	1,39	0,23	0,46	8,35	2,32
allText517.txt	1	4,66	1,86	1,55	0,62	1,24	9,01	1,86
allText518.txt	1	3,68	0,31	2,76	0,00	3,68	7,98	3,07
allText519.txt	1	4,00	2,67	2,33	1,67	0,33	9,67	0,67
allText52.txt	1	6,74	0,29	2,05	0,29	2,35	9,97	1,47
allText520.txt	1	2,05	0,46	0,91	0,68	2,96	7,97	2,28
allText521.txt	1	3,75	1,31	0,94	0,75	2,44	9,38	2,44
allText522.txt	1	4,19	2,43	2,54	0,22	1,32	7,73	2,21
allText523.txt	1	1,86	0,47	0,93	0,00	0,47	7,44	2,33
allText524.txt	1	4,25	1,28	0,74	0,64	0,64	7,65	1,59
allText525.txt	1	1,93	1,25	0,23	0,34	1,47	5,32	0,79
allText526.txt	1	4,16	0,46	1,27	0,46	1,85	10,62	2,31
allText527.txt	1	5,41	2,70	1,08	0,00	0,00	12,43	3,78
allText528.txt	1	3,82	2,29	2,29	2,29	2,29	16,03	5,34
allText529.txt	1	4,20	0,57	0,76	1,34	3,82	9,35	1,34
allText53.txt	1	2,13	0,85	2,98	0,43	2,13	11,49	1,70
allText530.txt	1	4,42	1,33	2,06	0,29	2,80	7,96	1,92
allText531.txt	1	2,35	0,84	0,50	0,67	2,18	7,37	0,84
allText532.txt	1	4,97	0,67	1,43	0,38	2,87	10,04	0,76
allText533.txt	1	5,20	2,74	1,42	0,47	3,03	11,35	1,04
allText534.txt	1	4,52	1,51	0,50	1,51	1,01	12,56	1,51
allText535.txt	1	2,38	1,91	1,43	0,38	2,10	6,96	1,33
allText536.txt	1	5,51	0,83	1,38	0,28	1,93	12,12	1,38
allText537.txt	1	7,79	1,39	1,39	0,56	1,53	8,07	2,92
allText538.txt	1	7,98	0,94	2,82	0,47	0,47	10,80	1,88
allText539.txt	1	3,87	0,77	1,81	0,13	2,58	8,90	1,68
allText54.txt	1	4,19	1,05	1,05	1,05	0,00	7,33	2,62
allText540.txt	1	3,33	0,74	1,48	0,00	1,11	8,89	0,74
allText541.txt	1	3,32	1,75	2,10	0,35	5,42	9,62	1,71
allText542.txt	1	5,12	1,25	2,12	0,87	2,00	11,11	1,75
allText543.txt	1	3,36	1,48	1,21	0,94	2,28	10,08	0,81
allText544.txt	1	5,07	1,69	0,56	0,56	0,85	11,55	2,54
allText545.txt	1	4,58	2,54	0,51	1,02	1,86	7,80	1,02
allText546.txt	1	6,07	1,13	1,44	0,50	2,00	7,69	1,63
allText547.txt	1	3,36	1,40	2,24	1,12	2,52	12,32	1,96
allText548.txt	1	5,41	2,36	3,72	0,34	1,35	12,16	1,18
allText549.txt	1	3,45	0,73	1,63	0,36	2,36	8,17	2,54
allText55.txt	1	7,38	0,82	1,64	1,64	1,64	9,02	3,28
allText550.txt	1	2,46	1,33	1,73	0,80	3,39	9,71	1,66
allText551.txt	1	1,55	1,19	0,60	0,36	2,26	10,01	0,95
allText552.txt	1	6,15	1,87	1,20	0,94	2,67	7,75	1,74
allText553.txt	1	3,57	7,14	3,57	3,57	0,00	10,71	0,00
allText554.txt	1	6,71	1,26	3,25	1,26	1,68	9,54	1,68
allText555.txt	1	5,75	4,21	1,92	0,38	1,92	10,34	2,30
allText556.txt	1	4,90	0,86	1,44	0,29	2,31	10,95	2,31
allText557.txt	1	4,79	0,83	1,93	0,55	3,22	9,76	1,66
allText558.txt	1	5,15	3,00	1,29	0,43	0,86	9,44	2,58
allText559.txt	1	2,72	0,74	0,99	0,50	1,61	7,43	2,60
allText56.txt	1	2,74	0,34	0,69	0,69	2,06	4,63	1,54
allText560.txt	1	3,94	2,60	1,74	0,40	1,80	6,28	0,67
allText561.txt	1	3,95	1,97	1,34	0,55	1,11	7,50	1,18
allText562.txt	1	5,49	2,93	1,10	0,73	1,10	11,72	2,93
allText563.txt	1	4,87	1,39	1,86	0,15	3,09	8,20	1,55
allText564.txt	1	6,62	0,99	2,65	0,99	1,66	10,93	2,65
allText565.txt	1	4,18	1,39	1,94	0,72	1,86	12,17	1,39
allText566.txt	1	5,29	2,12	0,00	0,00	0,00	13,23	3,17
allText567.txt	1	2,10	0,70	1,40	0,00	1,40	10,49	3,50
allText568.txt	1	4,80	1,60	0,80	1,60	0,80	6,40	0,80
allText569.txt	1	3,11	1,29	1,56	0,61	2,71	9,61	1,08
allText57.txt	1	4,02	0,85	1,90	0,63	2,33	12,68	2,96
allText570.txt	1	3,09	0,58	1,88	0,24	1,06	8,63	1,88
allText571.txt	1	3,25	3,25	1,75	0,08	4,29	4,84	0,71
allText572.txt	1	4,86	1,30	2,01	0,83	1,30	10,78	1,07
allText573.txt	1	5,50	0,50	2,53	0,20	1,93	9,91	1,04
allText574.txt	1	3,43	0,23	0,69	0,23	2,75	11,21	2,75
allText575.txt	1	2,19	0,00	0,55	0,55	2,19	7,65	2,19
allText576.txt	1	3,54	1,18	2,20	0,16	2,20	10,63	1,42
allText577.txt	1	3,31	0,95	2,19	0,53	1,83	8,57	1,24
allText578.txt	1	4,46	1,32	1,65	0,58	2,31	8,75	1,40
allText579.txt	1	3,54	0,67	2,02	0,25	2,36	9,11	1,43
allText58.txt	1	7,91	0,32	4,11	0,63	1,90	8,23	2,53
allText580.txt	1	3,06	1,02	1,02	1,02	5,10	13,27	1,02
allText581.txt	1	5,44	3,13	1,65	0,99	0,66	16,64	2,31
allText582.txt	1	0,72	1,44	0,00	1,44	0,00	0,72	0,00
allText583.txt	1	3,20	0,93	2,14	0,50	1,28	12,53	2,63
allText584.txt	1	8,26	0,83	0,83	0,83	0,00	14,05	4,13
allText585.txt	1	3,20	1,21	1,43	1,10	2,10	11,48	2,32
allText586.txt	1	1,84	0,52	0,79	0,26	3,94	11,55	0,52
allText587.txt	1	4,18	2,44	2,09	3,48	0,70	9,06	3,83
allText588.txt	1	3,59	1,35	2,69	1,79	0,90	9,87	2,69
allText589.txt	1	8,74	0,65	1,29	0,97	1,62	14,56	2,27
allText59.txt	1	2,84	0,53	1,42	0,53	3,37	9,06	1,24
allText590.txt	1	1,49	1,19	2,08	0,89	2,38	15,48	3,57
allText591.txt	1	3,72	0,74	2,70	0,56	1,30	10,70	1,86
allText592.txt	1	3,98	0,40	2,66	0,40	1,99	6,91	1,20
allText593.txt	1	3,61	1,20	1,20	1,20	3,01	7,83	1,81
allText594.txt	1	5,19	0,65	2,60	0,65	5,84	6,49	0,00
allText595.txt	1	3,24	0,49	1,62	0,81	2,11	13,45	1,46
allText596.txt	1	3,37	1,97	2,53	1,12	1,40	17,98	3,65
allText597.txt	1	5,42	0,99	2,46	1,48	0,49	15,76	2,96
allText598.txt	1	2,59	0,93	1,85	0,74	0,74	8,70	2,04
allText599.txt	1	9,86	1,06	2,82	0,70	0,70	9,86	3,52
allText6.txt	1	3,40	1,85	0,93	1,54	1,23	12,96	0,62
allText60.txt	1	3,05	0,91	0,00	0,91	0,30	9,76	3,05
allText600.txt	1	2,16	1,23	0,62	0,62	1,54	12,35	4,32
allText601.txt	1	3,22	1,02	1,17	0,29	1,61	10,67	1,17
allText602.txt	1	3,20	1,54	1,28	0,38	2,43	8,32	1,41
allText603.txt	1	5,69	0,43	2,13	0,14	2,42	12,23	1,28
allText604.txt	1	7,14	2,38	2,38	2,38	2,38	16,67	0,00
allText605.txt	1	3,34	1,00	1,17	0,50	1,17	9,36	1,84
allText606.txt	1	2,13	1,42	0,35	0,35	0,35	3,19	5,32
allText607.txt	1	4,26	5,11	0,85	2,55	5,11	11,06	4,26
allText608.txt	1	3,45	0,93	1,06	0,66	0,66	12,88	3,85
allText609.txt	1	3,99	0,53	1,06	0,45	0,53	5,58	2,56
allText61.txt	1	3,42	0,57	2,28	0,28	0,28	9,69	3,99
allText610.txt	1	6,93	0,18	3,01	0,09	2,73	10,67	1,28
allText611.txt	1	6,15	0,37	1,49	0,33	2,28	12,94	0,88
allText612.txt	1	3,32	0,71	1,66	1,18	0,95	11,37	2,13
allText613.txt	1	3,86	0,86	0,86	0,86	2,15	7,73	2,58
allText614.txt	1	5,08	0,27	2,37	0,20	1,29	12,67	1,42
allText615.txt	1	4,74	0,54	1,89	0,54	1,62	11,23	2,17
allText616.txt	1	0,69	1,38	0,00	1,38	0,00	0,69	0,00
allText617.txt	1	2,31	2,31	1,54	1,54	0,77	10,00	0,00
allText618.txt	1	7,89	0,72	3,23	0,72	0,72	13,98	2,15
allText619.txt	1	4,29	0,65	1,71	0,53	1,53	10,71	1,53
allText62.txt	1	4,52	1,45	1,77	0,65	0,97	11,13	5,00
allText620.txt	1	4,33	0,48	1,61	1,28	0,48	9,79	1,28
allText621.txt	1	2,52	0,78	2,91	0,39	3,30	9,51	1,55
allText622.txt	1	3,34	0,89	1,56	0,67	3,34	13,14	1,78
allText623.txt	1	4,68	0,57	1,23	0,33	1,15	10,42	1,64
allText624.txt	1	6,54	1,36	2,32	0,95	0,00	6,40	1,09
allText625.txt	1	4,53	0,67	1,51	0,50	3,36	10,07	3,19
allText626.txt	1	4,56	0,57	2,96	0,46	2,85	10,02	1,71
allText627.txt	1	3,12	1,34	2,23	1,56	2,12	9,14	2,56
allText628.txt	1	4,18	1,49	0,60	0,90	1,79	8,06	1,79
allText629.txt	1	1,79	1,14	0,16	0,81	3,57	10,23	1,62
allText63.txt	1	2,92	1,46	1,46	0,73	1,09	11,68	2,55
allText630.txt	1	4,62	0,77	0,77	0,77	1,54	10,00	3,08
allText631.txt	1	5,93	0,79	1,78	0,59	0,79	12,25	1,38
allText632.txt	1	7,60	0,68	1,01	0,68	1,52	11,99	3,38
allText633.txt	1	4,23	0,85	1,27	1,06	0,63	12,90	1,90
allText634.txt	1	3,10	0,73	0,55	0,36	1,64	12,96	1,28
allText635.txt	1	5,61	0,70	1,75	0,35	0,35	8,42	0,70
allText636.txt	1	2,55	0,36	0,73	0,73	1,46	14,96	5,84
allText637.txt	1	2,82	0,40	0,81	0,40	0,00	3,23	1,21
allText638.txt	1	3,66	0,71	0,89	0,27	1,61	13,85	1,88
allText639.txt	1	3,04	0,51	1,27	1,77	5,57	5,32	2,53
allText64.txt	1	5,05	0,46	1,83	0,46	2,75	8,26	0,46
allText640.txt	1	3,99	0,89	1,77	0,22	2,55	10,08	1,88
allText641.txt	1	5,13	1,47	1,10	1,10	1,47	9,89	1,10
allText642.txt	1	5,68	0,55	1,64	1,42	0,98	9,84	0,55
allText643.txt	1	2,44	3,16	0,42	0,80	1,41	9,57	0,99
allText644.txt	1	4,20	0,93	1,24	0,78	2,33	11,82	2,18
allText645.txt	1	3,17	1,31	1,42	1,20	3,06	6,78	0,87
allText646.txt	1	2,47	0,64	1,72	0,86	3,22	9,33	0,64
allText647.txt	1	4,13	0,47	0,74	1,69	1,22	9,14	1,56
allText648.txt	1	1,72	0,69	0,69	0,17	2,24	7,93	2,59
allText649.txt	1	2,66	0,10	1,23	0,10	1,64	8,18	1,33
allText65.txt	1	5,22	0,87	2,17	0,43	4,35	9,57	1,74
allText650.txt	1	4,03	1,34	1,52	0,88	2,40	11,34	1,17
allText651.txt	1	4,34	1,15	0,89	0,38	2,30	9,07	1,66
allText652.txt	1	2,87	1,72	2,30	1,72	0,57	12,64	3,45
allText653.txt	1	1,45	0,48	0,00	0,48	1,45	9,66	2,90
allText654.txt	1	3,60	0,67	1,35	0,45	1,35	9,44	1,80
allText655.txt	1	5,40	0,51	2,31	1,03	1,29	12,08	2,83
allText656.txt	1	5,14	0,61	1,66	0,35	1,09	8,67	1,92
allText657.txt	1	3,79	1,26	1,26	1,26	2,84	7,26	0,32
allText658.txt	1	2,49	0,24	1,18	0,12	1,54	8,99	1,07
allText659.txt	1	3,22	0,60	1,71	0,25	2,16	9,05	1,46
allText66.txt	1	4,69	0,25	2,72	0,49	1,98	6,91	2,72
allText660.txt	1	3,74	0,88	0,95	0,73	0,95	9,38	0,59
allText661.txt	1	3,11	0,44	1,13	0,25	1,78	8,68	1,23
allText662.txt	1	3,72	0,73	1,46	0,15	1,02	7,94	1,17
allText663.txt	1	2,93	0,08	1,43	0,08	1,50	10,83	3,16
allText664.txt	1	2,55	0,87	1,67	0,58	2,91	10,12	1,31
allText665.txt	1	5,64	0,66	1,32	0,28	1,36	8,83	1,41
allText666.txt	1	3,18	0,24	1,05	0,20	2,82	7,32	1,33
allText667.txt	1	3,19	0,57	1,31	0,08	1,72	8,83	0,82
allText668.txt	1	4,34	0,45	1,27	0,36	1,27	9,32	0,81
allText669.txt	1	2,41	0,44	1,33	0,25	2,15	11,14	1,46
allText67.txt	1	5,08	0,63	3,81	0,63	1,27	14,92	2,54
allText670.txt	1	4,95	0,31	1,86	0,31	2,06	11,44	0,82
allText671.txt	1	5,26	0,78	1,17	1,17	0,88	7,89	1,07
allText672.txt	1	4,38	4,60	1,64	0,55	1,31	8,98	1,20
allText673.txt	1	3,91	0,77	1,10	0,53	1,06	8,38	1,26
allText674.txt	1	3,43	1,00	1,33	0,22	1,77	7,31	1,55
allText675.txt	1	3,41	0,17	1,31	0,06	1,88	10,76	0,63
allText676.txt	1	3,44	0,37	1,15	0,32	2,07	10,10	1,79
allText677.txt	1	4,53	1,16	1,91	0,65	1,91	6,20	1,16
allText678.txt	1	4,25	0,61	1,01	0,30	1,52	6,57	0,81
allText679.txt	1	1,67	1,43	1,43	0,95	3,81	11,19	1,90
allText68.txt	1	4,76	0,60	1,19	0,60	0,60	14,29	2,98
allText680.txt	1	0,29	0,39	0,78	0,10	0,10	0,19	0,10
allText681.txt	1	2,88	1,13	0,62	0,31	2,47	9,46	1,34
allText682.txt	1	2,56	1,54	1,03	1,03	2,22	9,91	1,54
allText683.txt	1	3,23	0,71	1,10	0,84	1,49	11,50	1,03
allText684.txt	1	4,25	0,78	1,01	0,45	0,95	9,44	1,90
allText685.txt	1	4,80	1,20	2,40	0,40	4,00	11,60	1,60
allText686.txt	1	4,07	0,57	1,07	0,86	2,36	7,79	0,57
allText687.txt	1	4,45	0,39	1,48	0,18	1,80	10,82	0,81
allText688.txt	1	3,31	0,22	1,10	0,66	0,66	8,17	0,88
allText689.txt	1	5,50	0,92	1,83	0,92	0,92	11,93	1,83
allText69.txt	1	3,38	1,07	1,25	0,89	2,31	8,36	3,02
allText690.txt	1	2,98	1,15	1,06	0,67	6,33	7,68	0,58
allText691.txt	1	6,03	4,31	4,31	4,31	0,86	12,07	3,45
allText692.txt	1	2,72	0,59	0,95	0,47	2,36	10,99	0,83
allText693.txt	1	1,43	1,43	1,43	1,43	2,86	11,43	3,57
allText694.txt	1	1,65	1,65	0,41	0,82	4,53	9,05	2,06
allText695.txt	1	2,96	0,85	0,63	0,21	2,11	8,46	1,27
allText696.txt	1	4,12	0,84	2,11	0,63	4,54	8,24	1,48
allText697.txt	1	4,08	0,82	1,26	1,09	1,12	9,90	1,23
allText698.txt	1	4,57	0,88	0,88	0,29	2,65	11,80	3,98
allText699.txt	1	4,36	1,39	1,98	2,57	1,98	12,08	1,19
allText7.txt	1	4,13	1,38	1,18	1,18	0,59	10,61	2,36
allText70.txt	1	4,25	1,42	2,36	1,89	1,42	13,21	3,30
allText700.txt	1	2,34	0,67	1,50	0,33	3,34	10,68	1,50
allText701.txt	1	4,27	0,95	0,95	0,95	1,18	13,51	1,66
allText702.txt	1	2,37	1,04	0,74	0,59	1,19	9,19	1,33
allText703.txt	1	3,10	2,01	1,24	2,71	2,17	10,37	1,08
allText704.txt	1	8,40	0,84	1,68	2,52	0,84	15,97	3,36
allText705.txt	1	4,07	1,41	1,88	4,54	0,63	9,70	0,16
allText706.txt	1	4,50	1,00	2,50	1,21	1,71	11,00	1,00
allText707.txt	1	2,49	0,60	1,06	1,21	1,44	10,05	1,06
allText708.txt	1	4,54	1,81	2,04	0,68	2,27	11,11	2,04
allText709.txt	1	2,56	1,92	1,28	1,28	3,85	14,74	0,00
allText71.txt	1	2,77	0,77	0,92	1,23	1,38	7,85	2,92
allText710.txt	1	2,52	1,68	1,68	0,84	0,42	11,76	2,10
allText711.txt	1	2,25	0,22	0,69	0,22	0,58	4,32	0,91
allText712.txt	1	5,26	3,06	1,19	4,07	1,19	5,60	0,17
allText713.txt	1	2,88	0,42	1,30	0,38	2,42	9,69	1,71
allText714.txt	1	3,77	1,99	1,44	1,55	2,88	11,74	1,77
allText715.txt	1	1,10	0,55	0,55	0,55	0,00	6,04	0,55
allText716.txt	1	1,93	1,20	1,30	0,57	1,33	7,68	1,66
allText717.txt	1	2,60	0,37	1,12	0,37	0,93	9,85	1,58
allText718.txt	1	2,53	1,26	1,11	0,71	1,11	6,56	0,87
allText719.txt	1	4,70	0,20	1,93	0,59	2,13	8,02	0,84
allText72.txt	1	3,49	1,31	1,31	1,75	2,62	7,42	4,37
allText720.txt	1	3,70	0,54	2,04	0,54	2,47	11,21	1,50
allText721.txt	1	6,65	0,86	2,36	0,64	2,15	10,16	1,57
allText722.txt	1	3,30	0,57	0,57	0,72	2,15	9,33	1,00
allText723.txt	1	2,73	1,29	1,85	0,48	2,17	12,78	0,96
allText724.txt	1	3,10	1,29	1,68	0,65	2,06	7,74	1,68
allText725.txt	1	2,16	0,47	1,06	0,43	1,46	8,30	1,34
allText726.txt	1	4,25	0,94	0,47	0,47	1,89	8,02	0,47
allText727.txt	1	3,51	1,38	1,38	1,00	2,38	9,28	1,13
allText728.txt	1	3,07	0,68	0,90	0,24	1,52	9,35	0,65
allText729.txt	1	3,23	0,62	1,24	0,50	1,45	8,94	0,83
allText73.txt	1	2,43	0,81	3,24	0,40	3,24	9,31	3,64
allText730.txt	1	4,42	0,31	1,23	0,31	2,26	6,28	0,82
allText731.txt	1	3,54	0,57	1,56	0,28	2,69	7,21	0,42
allText732.txt	1	4,48	0,48	1,90	0,29	1,05	8,48	0,86
allText733.txt	1	3,45	0,30	0,95	0,45	1,05	8,01	1,10
allText734.txt	1	2,55	2,37	0,91	2,73	2,73	9,65	1,28
allText735.txt	1	6,29	0,49	1,96	0,20	1,87	9,92	0,98
allText736.txt	1	3,48	0,83	1,59	0,60	3,10	9,37	0,68
allText737.txt	1	4,22	0,75	1,31	0,23	1,55	9,43	0,89
allText738.txt	1	4,92	0,84	0,96	0,72	1,32	9,24	1,92
allText739.txt	1	3,74	1,29	1,03	1,16	1,29	12,24	1,03
allText74.txt	1	4,63	0,43	1,72	0,11	1,40	13,13	2,26
allText740.txt	1	4,40	0,35	1,81	0,52	1,55	8,12	1,12
allText741.txt	1	3,64	1,27	2,20	0,52	0,69	9,65	1,21
allText742.txt	1	2,24	0,63	1,17	0,34	1,85	6,67	0,54
allText743.txt	1	3,30	0,49	1,46	0,78	2,62	9,91	1,07
allText744.txt	1	3,77	0,47	2,04	0,47	2,20	12,40	1,10
allText745.txt	1	6,32	1,07	1,71	0,75	2,68	11,24	1,93
allText746.txt	1	3,11	1,73	2,42	1,38	2,08	9,34	1,04
allText747.txt	1	5,30	0,21	2,67	0,10	1,15	6,66	2,20
allText748.txt	1	4,55	3,84	5,61	0,57	0,85	10,66	2,13
allText749.txt	1	2,40	0,53	1,33	0,27	4,40	5,33	1,47
allText75.txt	1	2,74	1,74	1,24	1,74	1,24	14,18	3,48
allText750.txt	1	5,08	0,85	3,39	0,85	2,12	8,47	1,69
allText751.txt	1	5,17	1,68	2,79	1,33	0,77	9,22	1,61
allText752.txt	1	4,30	1,08	2,69	1,61	0,54	10,22	4,30
allText753.txt	1	2,36	0,27	1,22	0,34	2,91	6,22	0,81
allText754.txt	1	4,01	0,87	0,70	0,87	0,52	8,38	0,70
allText755.txt	1	4,04	0,50	1,19	0,27	1,59	7,42	0,60
allText756.txt	1	4,29	1,57	1,14	0,72	2,29	7,30	1,00
allText757.txt	1	4,22	1,56	1,78	1,00	3,89	9,56	0,89
allText758.txt	1	3,17	2,87	1,21	4,08	0,60	9,21	1,13
allText759.txt	1	2,65	0,49	1,86	0,39	1,08	9,41	2,25
allText76.txt	1	4,75	2,30	1,69	0,92	1,07	10,43	1,07
allText760.txt	1	6,36	0,82	2,71	0,59	1,41	10,25	2,94
allText761.txt	1	3,56	1,19	0,40	0,40	1,19	9,09	3,56
allText762.txt	1	4,71	1,01	0,67	0,67	1,01	7,07	0,34
allText763.txt	1	3,65	0,52	1,56	0,52	1,04	8,33	0,52
allText764.txt	1	4,52	0,71	2,38	0,48	3,33	13,10	0,95
allText765.txt	1	1,64	1,15	2,29	0,98	1,15	8,02	0,65
allText766.txt	1	4,13	0,36	2,15	0,18	1,44	6,28	1,44
allText767.txt	1	5,66	0,87	2,61	0,22	3,37	10,99	1,31
allText768.txt	1	2,75	0,82	0,82	1,10	1,65	9,34	4,12
allText769.txt	1	2,69	1,56	1,56	1,13	0,99	10,91	2,41
allText77.txt	1	3,61	1,51	2,41	0,60	2,71	9,94	0,90
allText770.txt	1	2,49	0,83	1,93	0,55	3,04	11,05	3,04
allText771.txt	1	1,98	0,12	0,62	0,12	0,74	6,32	0,87
allText772.txt	1	4,38	2,50	0,00	1,88	0,62	10,00	3,75
allText773.txt	1	3,14	0,43	1,08	0,22	3,14	13,42	1,62
allText774.txt	1	5,19	2,22	0,74	1,48	0,00	6,67	1,48
allText775.txt	1	2,17	0,72	1,81	0,72	1,09	8,33	4,71
allText776.txt	1	3,78	0,24	1,54	0,12	1,65	7,92	2,13
allText777.txt	1	8,36	1,24	2,48	0,93	0,31	11,76	1,86
allText778.txt	1	5,22	2,24	2,99	1,49	2,24	10,45	0,75
allText779.txt	1	3,45	1,15	3,83	0,19	2,11	10,34	2,68
allText78.txt	1	4,39	1,88	0,63	2,51	0,63	4,08	2,19
allText780.txt	1	2,81	0,40	0,40	1,61	2,01	7,23	2,01
allText781.txt	1	6,19	0,48	1,90	0,95	1,90	9,52	2,38
allText782.txt	1	4,24	1,69	0,85	1,69	1,69	11,02	1,69
allText783.txt	1	4,59	0,30	2,96	0,44	2,37	12,59	2,07
allText784.txt	1	2,35	0,94	2,35	0,94	0,47	10,80	1,41
allText785.txt	1	2,41	0,17	1,55	0,17	1,72	12,03	2,23
allText786.txt	1	0,63	1,27	0,63	0,63	1,90	9,49	1,90
allText787.txt	1	6,58	0,82	1,23	0,82	1,23	11,52	5,35
allText788.txt	1	4,85	0,75	1,49	0,75	2,24	7,84	0,75
allText789.txt	1	6,93	0,36	1,82	0,36	1,82	7,30	4,38
allText79.txt	1	4,40	0,73	1,47	1,47	1,83	11,36	3,30
allText790.txt	1	2,72	0,91	2,00	0,73	0,54	7,80	2,90
allText791.txt	1	1,42	0,71	0,00	0,71	0,00	0,71	0,00
allText792.txt	1	3,55	1,18	1,18	1,18	0,59	8,88	2,37
allText793.txt	1	1,36	0,91	1,36	0,45	0,00	0,45	0,91
allText794.txt	1	1,41	0,70	0,00	0,70	0,70	7,04	1,41
allText795.txt	1	3,22	0,15	1,90	0,15	0,29	6,87	2,34
allText796.txt	1	3,16	0,18	2,63	0,18	1,05	12,46	1,23
allText797.txt	1	3,49	0,52	0,00	0,52	0,17	8,90	5,06
allText798.txt	1	2,01	0,50	0,50	0,50	0,50	6,03	0,50
allText799.txt	1	11,11	1,67	0,56	0,56	1,11	13,89	0,56
allText8.txt	1	3,17	3,17	0,00	3,17	3,17	9,52	1,59
allText80.txt	1	4,35	1,74	0,87	2,61	0,87	8,70	0,00
allText800.txt	1	2,63	0,34	2,06	0,57	1,37	10,97	1,14
allText801.txt	1	3,12	3,12	0,00	1,56	2,34	12,50	2,34
allText802.txt	1	2,35	1,18	0,00	1,18	2,35	14,12	2,35
allText803.txt	1	2,95	0,29	1,97	0,20	1,28	10,52	0,69
allText804.txt	1	1,90	0,48	2,38	0,48	0,95	15,24	1,43
allText805.txt	1	4,76	1,59	2,54	0,63	0,32	13,65	1,90
allText806.txt	1	3,27	0,20	1,22	0,20	1,33	12,55	4,18
allText807.txt	1	2,91	0,31	0,92	0,31	1,23	8,59	3,99
allText808.txt	1	3,30	1,42	1,42	0,94	1,89	11,32	0,47
allText809.txt	1	6,19	1,24	0,62	1,03	3,30	12,16	1,44
allText81.txt	1	4,26	2,13	8,51	2,13	2,13	10,64	6,38
allText810.txt	1	5,56	0,69	0,00	0,69	0,69	13,19	1,39
allText811.txt	1	3,97	1,32	1,99	1,32	0,66	13,25	2,65
allText812.txt	1	6,74	2,07	2,07	0,52	3,63	11,92	2,59
allText813.txt	1	3,11	1,17	0,00	1,17	1,17	6,23	2,33
allText814.txt	1	1,32	0,99	0,66	1,32	2,30	7,57	1,97
allText815.txt	1	1,98	1,02	1,18	1,39	1,12	10,97	1,87
allText816.txt	1	5,24	1,81	0,54	0,72	1,45	9,76	0,90
allText817.txt	1	0,19	0,39	0,00	0,19	0,58	3,70	0,00
allText818.txt	1	4,23	1,06	1,59	0,53	3,70	12,43	1,59
allText819.txt	1	6,82	0,56	2,09	1,11	0,42	8,77	1,67
allText82.txt	1	2,25	1,12	1,50	0,75	0,00	12,73	3,75
allText820.txt	1	3,81	0,35	1,56	0,17	0,52	11,79	1,91
allText821.txt	1	5,58	1,18	2,15	0,43	0,75	12,88	1,82
allText822.txt	1	5,38	0,54	3,76	0,54	0,54	10,75	3,76
allText823.txt	1	3,05	2,29	2,29	1,53	0,00	9,16	3,82
allText824.txt	1	0,91	0,15	0,30	0,15	0,00	0,15	0,00
allText825.txt	1	2,99	2,11	0,88	1,41	2,11	11,78	0,53
allText826.txt	1	7,73	0,55	2,76	0,55	0,55	13,26	0,55
allText827.txt	1	2,32	0,33	0,00	0,33	0,00	0,99	0,00
allText828.txt	1	3,08	0,51	1,54	1,54	1,03	11,79	3,08
allText829.txt	1	2,90	0,36	2,90	0,36	0,72	9,42	2,90
allText83.txt	1	2,79	0,37	0,74	0,19	8,38	4,66	0,19
allText830.txt	1	1,98	1,42	0,57	0,85	0,57	4,82	1,70
allText831.txt	1	5,65	3,32	1,33	1,66	1,33	12,62	1,33
allText832.txt	1	5,73	2,67	1,53	1,91	0,38	9,92	5,73
allText833.txt	1	3,82	0,95	0,95	0,95	1,43	5,73	0,95
allText834.txt	1	1,77	1,47	2,95	1,47	3,24	11,80	2,65
allText835.txt	1	6,00	0,33	2,67	0,67	1,33	14,17	2,67
allText836.txt	1	3,45	0,77	1,06	0,42	5,35	8,31	2,25
allText837.txt	1	3,23	0,12	1,43	0,24	1,08	8,12	4,18
allText838.txt	1	3,33	1,48	1,23	2,46	1,11	10,59	0,99
allText839.txt	1	6,10	0,47	1,41	0,47	0,94	10,33	2,35
allText84.txt	1	1,53	0,51	1,53	0,51	1,02	12,76	1,53
allText840.txt	1	3,49	0,09	1,47	0,28	2,94	8,91	1,65
allText841.txt	1	3,62	0,40	1,21	0,60	2,01	6,84	0,80
allText842.txt	1	3,98	0,68	0,46	0,80	0,91	6,94	0,91
allText843.txt	1	2,63	0,46	1,26	0,34	1,37	13,39	1,14
allText844.txt	1	3,47	0,97	1,25	1,73	0,76	7,35	1,11
allText845.txt	1	4,72	1,38	1,97	0,79	4,33	10,52	1,67
allText846.txt	1	4,73	0,49	1,96	0,16	1,39	10,02	1,96
allText847.txt	1	2,33	0,90	0,72	1,62	1,97	8,98	1,62
allText848.txt	1	3,69	0,98	1,41	0,98	1,19	9,65	0,65
allText849.txt	1	4,11	1,27	1,72	0,60	2,24	10,38	0,90
allText85.txt	1	4,12	0,33	1,07	0,25	3,54	4,94	1,32
allText850.txt	1	3,54	0,82	1,22	0,82	0,95	8,30	2,18
allText851.txt	1	2,77	0,52	1,35	0,52	1,29	7,35	1,29
allText852.txt	1	7,08	0,47	0,47	0,47	0,94	13,21	0,94
allText853.txt	1	5,59	0,66	3,51	0,66	1,21	7,79	0,88
allText854.txt	1	2,59	0,91	1,60	0,99	1,29	9,51	0,91
allText855.txt	1	2,96	0,87	1,65	0,96	0,70	4,87	1,22
allText856.txt	1	2,99	0,30	1,80	0,30	2,40	9,58	1,50
allText857.txt	1	2,56	0,51	0,77	0,51	1,02	12,28	2,30
allText858.txt	1	2,66	0,44	1,48	0,15	2,66	10,80	1,78
allText859.txt	1	5,89	0,62	1,14	0,41	1,24	8,79	1,65
allText86.txt	1	0,48	1,92	0,48	0,96	6,73	7,21	1,44
allText860.txt	1	4,75	2,30	1,15	2,30	5,74	8,03	1,48
allText861.txt	1	4,66	1,02	1,53	2,63	2,54	7,12	2,03
allText862.txt	1	3,99	0,72	1,77	0,46	1,83	9,76	0,98
allText863.txt	1	5,03	0,58	1,45	0,19	1,74	9,20	0,68
allText864.txt	1	5,09	0,60	1,54	0,20	1,74	9,10	1,54
allText865.txt	1	2,49	0,91	1,29	0,69	3,91	7,53	1,89
allText866.txt	1	3,69	0,92	1,48	0,46	1,61	7,11	0,63
allText867.txt	1	2,21	0,40	1,81	0,60	3,21	11,45	1,41
allText868.txt	1	3,19	1,60	1,00	1,00	2,20	11,58	1,00
allText869.txt	1	4,47	1,08	0,92	0,92	1,54	8,78	1,54
allText87.txt	1	2,76	1,10	2,76	1,10	1,66	12,71	3,31
allText870.txt	1	3,79	1,05	0,42	0,42	1,26	9,26	2,74
allText871.txt	1	2,65	0,52	1,33	0,74	1,25	7,29	1,10
allText872.txt	1	4,26	0,50	1,19	1,29	2,08	6,94	0,79
allText873.txt	1	2,56	0,47	0,93	0,58	0,87	6,23	1,11
allText874.txt	1	2,72	0,87	1,36	0,60	1,58	7,57	1,20
allText875.txt	1	3,79	0,22	1,19	0,22	3,03	8,98	2,38
allText876.txt	1	3,59	0,74	2,12	0,65	2,04	7,43	0,98
allText877.txt	1	3,75	1,20	1,55	0,75	1,45	8,86	1,40
allText878.txt	1	4,37	1,70	0,49	1,70	3,88	6,80	0,73
allText879.txt	1	2,56	2,72	1,92	1,44	1,76	8,64	2,56
allText88.txt	1	3,75	0,62	1,56	0,94	1,88	10,31	1,56
allText880.txt	1	2,69	1,19	1,49	0,60	3,58	10,15	2,09
allText881.txt	1	2,51	0,72	2,15	0,72	2,51	11,47	2,33
allText882.txt	1	3,18	0,79	1,70	0,34	1,82	9,31	1,02
allText883.txt	1	4,33	2,76	1,57	1,18	1,97	12,20	2,76
allText884.txt	1	2,04	1,08	1,94	0,86	1,18	9,03	1,83
allText885.txt	1	3,90	0,45	1,41	0,40	2,94	9,72	1,24
allText886.txt	1	3,47	0,69	3,47	0,69	0,00	9,03	1,39
allText887.txt	1	9,14	0,25	2,47	0,25	1,23	12,35	3,21
allText888.txt	1	4,63	0,43	2,46	0,29	1,01	12,30	1,59
allText889.txt	1	3,37	0,99	2,18	0,40	1,19	11,68	3,37
allText89.txt	1	2,83	0,40	0,61	0,61	1,01	8,70	4,25
allText890.txt	1	6,64	0,13	1,46	0,13	0,80	9,03	0,80
allText891.txt	1	3,93	0,28	0,56	0,28	0,84	10,67	2,53
allText892.txt	1	6,58	0,53	3,16	0,26	1,32	12,63	0,79
allText893.txt	1	2,84	2,72	1,85	1,98	1,85	4,81	2,35
allText894.txt	1	4,62	0,89	1,24	0,71	2,66	11,19	1,78
allText895.txt	1	2,74	1,37	4,11	1,37	6,85	5,48	1,37
allText896.txt	1	2,70	1,01	1,35	0,34	0,00	10,81	2,36
allText897.txt	1	1,38	1,92	0,85	1,70	1,17	10,76	2,13
allText898.txt	1	3,93	0,29	1,38	0,29	0,80	8,38	2,33
allText899.txt	1	5,47	0,73	4,01	0,73	0,36	11,31	5,84
allText9.txt	1	2,95	1,85	1,11	0,37	2,95	4,80	0,74
allText90.txt	1	0,58	1,73	1,16	1,16	1,73	8,09	1,73
allText900.txt	1	2,82	0,13	0,81	0,13	1,21	11,41	3,49
allText901.txt	1	4,13	0,72	1,08	0,72	0,90	11,67	0,54
allText902.txt	1	2,84	0,71	0,00	0,71	0,00	9,93	1,42
allText903.txt	1	2,89	0,39	1,71	0,46	0,66	7,63	1,97
allText904.txt	1	4,96	0,26	1,57	0,26	3,13	10,97	1,57
allText905.txt	1	0,23	0,23	0,00	0,23	0,00	3,65	0,00
allText906.txt	1	5,86	1,80	0,90	1,35	1,80	6,31	3,15
allText907.txt	1	4,73	2,96	1,78	1,18	1,78	10,65	2,96
allText908.txt	1	4,88	1,17	2,93	0,78	0,39	8,20	2,93
allText909.txt	1	4,44	1,67	2,78	1,67	1,11	13,33	1,67
allText91.txt	1	5,36	1,26	3,15	0,95	4,10	13,88	2,52
allText910.txt	1	3,22	2,92	2,34	2,05	1,17	9,65	0,58
allText911.txt	1	2,39	1,40	1,45	1,35	0,94	8,84	2,21
allText912.txt	1	4,58	2,29	2,29	1,53	0,00	12,98	4,58
allText913.txt	1	3,14	0,37	2,22	0,37	0,55	13,31	3,14
allText914.txt	1	3,44	3,13	1,53	0,84	2,37	8,78	1,37
allText915.txt	1	2,90	0,14	2,07	0,14	1,52	12,69	1,52
allText916.txt	1	4,37	1,29	1,80	1,54	1,03	10,80	1,80
allText917.txt	1	5,18	2,27	1,94	2,27	1,62	11,65	2,27
allText918.txt	1	7,02	0,14	2,84	0,28	1,49	10,99	1,91
allText919.txt	1	1,89	1,89	1,89	1,89	0,00	3,77	0,00
allText92.txt	1	4,41	1,47	1,84	0,37	3,31	10,66	0,74
allText920.txt	1	5,36	1,19	2,68	0,30	2,08	9,82	2,08
allText921.txt	1	3,14	0,65	1,15	0,25	3,34	4,94	1,00
allText922.txt	1	4,48	0,75	0,00	0,75	1,49	8,96	2,24
allText923.txt	1	5,20	1,07	1,07	0,15	0,61	11,16	1,07
allText924.txt	1	6,19	2,17	1,24	1,24	0,62	12,07	0,31
allText925.txt	1	3,49	1,45	2,05	0,84	1,08	12,29	2,53
allText926.txt	1	3,07	1,15	0,77	1,15	1,92	15,33	2,68
allText927.txt	1	3,14	1,19	1,86	0,57	2,57	9,66	1,76
allText928.txt	1	3,59	0,94	2,20	0,25	1,51	8,24	1,20
allText929.txt	1	3,21	0,39	2,44	0,51	2,76	12,85	4,05
allText93.txt	1	4,74	1,09	1,09	0,73	0,36	13,87	4,74
allText930.txt	1	4,40	0,35	1,94	0,53	1,06	7,92	1,76
allText931.txt	1	5,09	1,72	1,54	0,30	1,01	6,75	1,95
allText932.txt	1	3,80	1,27	1,27	1,27	0,00	8,86	5,06
allText933.txt	1	2,15	0,43	2,15	0,43	0,43	9,89	3,66
allText934.txt	1	4,01	1,23	1,85	2,00	1,54	10,48	2,00
allText935.txt	1	3,88	1,29	1,11	1,29	0,55	9,43	3,51
allText936.txt	1	2,27	2,27	1,52	1,52	2,27	12,88	1,52
allText937.txt	1	2,80	0,70	0,70	0,70	2,80	10,49	0,00
allText938.txt	1	2,35	1,41	1,88	0,94	0,47	7,04	1,88
allText939.txt	1	3,51	1,92	0,32	1,92	2,24	12,46	1,60
allText94.txt	1	4,84	4,03	2,42	2,42	6,45	14,52	2,42
allText940.txt	1	2,23	0,37	0,37	0,37	0,37	11,90	5,20
allText941.txt	1	4,83	0,34	2,41	0,34	3,10	15,17	2,07
allText942.txt	1	4,49	1,12	1,12	1,12	1,12	7,87	3,37
allText943.txt	1	4,53	1,29	0,97	0,65	2,91	11,00	1,94
allText944.txt	1	3,51	0,55	1,32	0,33	0,77	10,42	1,75
allText945.txt	1	2,67	0,51	1,27	0,13	0,89	13,54	2,86
allText946.txt	1	8,96	1,49	6,97	1,49	1,00	13,93	1,99
allText947.txt	1	2,43	0,69	1,65	0,69	1,47	10,92	0,69
allText948.txt	1	3,89	0,49	1,95	0,24	1,70	14,60	1,70
allText949.txt	1	4,69	0,87	1,04	1,04	2,26	11,11	3,47
allText95.txt	1	3,35	1,37	1,37	0,15	7,62	7,47	1,83
allText950.txt	1	4,87	1,55	1,33	0,88	2,21	10,62	0,44
allText951.txt	1	4,76	1,36	1,36	1,36	0,00	11,56	2,04
allText952.txt	1	7,14	1,95	2,60	0,65	0,65	13,64	1,30
allText953.txt	1	5,86	2,34	4,30	1,17	1,95	10,94	0,00
allText954.txt	1	3,31	1,99	0,00	1,32	0,66	5,96	1,32
allText955.txt	1	3,74	0,31	3,12	0,47	0,78	13,10	2,03
allText956.txt	1	4,41	0,83	1,67	1,07	1,67	9,77	1,19
allText957.txt	1	3,74	0,57	1,70	0,24	1,28	13,59	2,70
allText958.txt	1	8,28	1,91	1,27	2,55	1,91	13,38	1,91
allText959.txt	1	3,94	0,82	2,31	0,54	0,27	12,23	1,22
allText96.txt	1	3,32	1,24	0,41	0,41	0,83	10,79	4,98
allText960.txt	1	5,05	0,56	2,10	1,12	2,10	9,68	1,26
allText961.txt	1	3,35	1,12	3,91	0,56	1,12	8,94	2,79
allText962.txt	1	5,42	0,49	2,46	0,49	0,49	12,07	2,96
allText963.txt	1	1,99	1,11	1,99	0,44	2,88	15,27	2,43
allText964.txt	1	3,16	1,27	1,27	1,27	1,58	8,23	1,90
allText965.txt	1	3,21	0,32	1,92	0,32	2,72	11,70	4,17
allText966.txt	1	2,86	0,71	0,71	1,43	1,43	7,86	1,43
allText967.txt	1	2,75	1,01	1,25	0,63	1,74	9,03	2,36
allText968.txt	1	4,81	0,48	1,68	0,24	0,24	15,14	0,72
allText969.txt	1	5,19	1,48	2,22	0,74	0,74	11,85	0,74
allText97.txt	1	5,56	0,69	1,74	0,35	1,39	13,54	0,69
allText970.txt	1	6,04	0,55	1,65	0,55	1,10	12,09	1,65
allText971.txt	1	6,06	0,30	3,29	0,15	1,12	8,53	2,09
allText972.txt	1	2,96	2,22	2,96	1,48	0,00	15,56	2,22
allText973.txt	1	5,19	2,60	1,95	1,95	2,60	15,58	0,65
allText974.txt	1	5,88	0,84	0,84	1,68	0,00	10,08	2,52
allText975.txt	1	2,57	1,84	0,37	1,10	4,78	6,25	1,47
allText976.txt	1	2,33	0,78	0,39	0,39	0,00	10,47	3,88
allText977.txt	1	4,15	1,84	1,38	3,23	0,92	14,75	1,38
allText978.txt	1	3,50	2,10	1,05	1,05	1,05	12,59	2,45
allText979.txt	1	4,16	0,55	1,52	0,28	1,66	6,79	0,55
allText98.txt	1	3,04	0,65	1,30	0,22	1,74	6,29	2,82
allText980.txt	1	7,87	0,56	1,69	0,56	1,69	10,11	1,12
allText981.txt	1	5,99	0,81	1,48	0,07	2,81	10,20	1,48
allText982.txt	1	3,32	1,85	1,29	0,18	0,74	11,44	0,92
allText983.txt	1	7,20	1,44	2,08	0,48	2,40	11,36	1,12
allText984.txt	1	7,67	0,92	1,84	0,61	2,15	8,28	1,84
allText985.txt	1	4,71	1,49	2,23	0,99	1,99	10,67	1,99
allText986.txt	1	5,48	1,00	1,07	0,27	3,48	9,23	1,00
allText987.txt	1	7,03	1,32	3,52	0,66	2,64	11,43	2,42
allText988.txt	1	8,65	0,69	1,73	0,69	4,15	5,54	1,38
allText989.txt	1	4,64	2,73	2,12	0,55	2,73	8,74	0,96
allText99.txt	1	2,86	1,43	3,81	2,38	1,90	6,19	2,38
allText990.txt	1	7,14	2,38	3,57	1,19	0,60	8,93	2,38
allText991.txt	1	4,39	0,71	1,07	0,71	1,66	7,47	1,66
allText992.txt	1	2,13	1,22	1,52	1,52	0,30	8,21	3,65
allText993.txt	1	4,11	0,62	1,37	0,50	1,87	8,72	1,12
allText994.txt	1	4,93	1,14	1,26	0,25	2,91	8,60	2,53
allText995.txt	1	5,68	0,39	2,54	0,20	4,11	10,37	1,96
allText996.txt	1	4,18	2,20	0,99	0,55	1,76	11,66	1,65
allText997.txt	1	6,29	1,13	2,58	0,40	2,01	11,28	1,53
allText998.txt	1	6,42	0,50	1,89	0,13	1,51	15,24	0,88