0.0 1500 0 36 456 28.333474867465185
0.0 500 0 60 236 53.297801595214366
0.12 100000 0 60 681 29.14520758017494
0.0 5000 0 30 197 56.304977422003304
11.049037864680322 3222 1 32 231 20.468714234620904
8.738461538461538 13000 0 30 998 43.48144510828976
0.0 50000 0 30 324 43.4804343891403
0.0 10000 0 45 504 42.32358582677168
2.55 6000 7 30 63 55.22017857142856
0.0 15000 0 30 263 24.977994652406437
0.9863013698630136 7300 10 30 683 -28.097007299270047
8.260000000000002 10000 10 60 634 53.933363584798656
0.0 1700 0 5 272 40.56206140350881
3.8 10000 0 45 579 41.505538461538464
0.0 12000 0 45 633 41.05462051433207
0.0 50000 5 30 952 59.457110136259246
0.0 20000 0 32 757 36.70287802649614
0.0033333333333333335 30000 0 30 410 39.923258569614916
0.04166666666666667 48000 0 60 748 55.153618869810686
0.0 2080 0 31 157 54.30704121964996
0.0 500 0 30 135 64.54617647058825
3.0 2000 0 60 227 50.10132183908047
8.0 250 5 25 273 58.80810687655344
0.8333333333333334 3000 0 30 566 53.28516010116164
2.0 250 0 45 242 70.15433687866292
73.0 24000 12 40 2271 38.19087164925037
12.8 2000 11 20 523 66.23863216266176
5.454545454545454 495 4 30 164 51.566079545454585
30.995260663507107 5275 10 20 403 33.7168543165468
0.01818181818181818 5500 0 45 355 51.15350024307247
1.4000000000000001 4000 0 60 698 67.47389943046007
0.0 3500 0 50 358 66.2375331491713
0.0 7000 0 14 511 60.79958143208145
1.640625 1280 0 30 95 41.5412523191095
0.305 20000 0 30 468 48.80484819734349
0.03333333333333333 3000 0 30 145 60.24665441176471
15.333333333333332 4500 41 28 1423 65.59869553893664
0.0 5000 0 60 201 49.69076470588237
6.888888888888889 450 0 30 46 38.19869565217394
0.4888888888888889 9000 0 30 359 52.85645442792506
60.0 500 3 35 584 50.37792067307694
0.5333333333333333 15000 3 45 412 57.614114832535904
1.3 1000 0 30 206 69.94321996097018
0.02 5000 0 60 153 45.51928571428573
2.1999999999999997 500 1 30 94 47.01368421052632
39.75 1200 0 32 196 41.447
2.5 1000 0 30 131 37.00488240064885
0.0 1000 5 30 497 43.054670881971475
0.02 5000 0 30 382 57.76363386613389
5.800000000000001 1000 6 40 315 54.420138888888886
3.1428571428571432 350 0 60 155 45.88750000000002
8.0 1500 1 30 316 37.48132911392409
8.099062918340026 2988 0 30 331 66.83421052631581
6.0 1500 0 30 230 43.464366108786635
2.5 1000 0 30 191 31.844166666666695
0.0 2000 1 14 120 46.7903506097561
0.026595744680851064 94000 6 35 579 35.69667667238423
0.028571428571428574 3500 2 25 471 59.48791647295835
3.4799999999999995 2500 7 14 314 59.1504485852312
3.0 5000 0 40 564 51.08363368669026
0.0 7500 0 45 326 38.83585365853662
0.0 650 0 40 347 57.3445197740113
0.1 10000 0 6 608 72.85403846153848
2.0 300 0 30 270 54.407608695652186
0.35000000000000003 10000 0 50 218 42.1863417431193
0.0 50 0 40 227 49.58219806763287
0.075 200000 2 45 400 38.57903805012228
0.6666666666666667 1500 0 30 305 65.09237500000003
1.7000000000000002 5000 0 30 168 63.06274597495528
3.0 200 20 30 559 44.555165929203554
0.0 2800 0 28 209 54.939443661971865
7.4639999999999995 25000 1 30 629 50.70193702290078
0.2123571645262413 19778 0 35 223 44.098847402597414
1.2377850162866448 15350 1 31 249 49.11191844300282
0.002 50000 3 60 933 58.532589465798424
0.024 25000 0 30 401 55.681045751634
31.0 1000 15 45 657 62.4770592534841
0.0 10 0 30 330 63.391015306122455
22.761506276150627 1195 9 7 315 30.672878504672923
0.0 1000 0 32 271 68.41445970695972
0.0 20000 0 30 113 46.99240384615385
0.03125 3200 0 30 47 50.53333333333336
0.0 8000 0 60 264 57.51706605661997
7.5 400 0 30 529 54.92086516405706
0.2777777777777778 9000 0 30 193 57.89750097618122
2.631578947368421 28500 0 37 1196 42.67916711742879
1.0666666666666667 4500 0 21 206 48.70885167464118
14.374999999999998 800 0 30 176 49.44523857358115
16.1 1000 0 60 317 48.266875000000056
0.0 1575 0 30 495 56.06900996890434
0.0 6500 0 13 172 28.889093208092504
0.05 10000 0 30 313 54.83950522264985
0.25 20000 0 30 270 35.043571428571425
1.0 1500 0 60 267 57.618475274725284
0.0 10000 0 60 124 55.89160714285714
1.1666666666666667 12000 6 30 653 64.03654942613848
10.0 250 0 12 239 52.30071519389705
0.0 700 0 14 287 64.5365479452055
21.330882352941178 13600 2 30 455 33.41695652173914
1.0 10000 0 45 209 27.508392857142894
14.000000000000002 500 5 30 242 33.75342862033554
36.4 3000 0 30 325 37.583977172958754
0.125 8000 0 30 162 51.897418593676264
0.51 10000 6 30 554 48.41896879240164
5.962962962962963 2700 0 30 335 40.33201086956521
0.0 3000 19 30 186 39.722631578947386
9.875 8000 15 30 526 68.5457684550222
0.5 1000 27 32 233 61.36782886334612
9.3 1000 0 57 156 68.66139566395668
0.075 20000 0 30 339 48.28878698224855
0.0 1200 0 10 276 80.38559880709465
79.0 2000 0 21 318 53.258196811434885
0.0 1500 0 30 182 52.16529670329672
0.013333333333333334 7500 6 30 429 38.532739654517854
0.0 516 0 30 338 55.11804347826089
0.0 1200 0 30 190 56.26295918367349
1.7000000000000002 60000 3 30 603 45.296965815486004
29.228571428571428 14000 16 30 1263 60.92042684178125
0.0 25 0 45 53 18.06333333333336
0.013636363636363637 22000 0 30 235 40.974180790960446
4.25 2000 0 35 190 78.89544217687077
9.1 2000 0 32 10 18.022115384615404
0.0 2500 0 7 78 45.43178797468357
0.8571428571428572 3500 0 30 240 61.59260162601629
28.085714285714285 3500 0 30 432 57.926521739130465
39.0 700 3 7 333 81.33452301850976
0.0 5000 0 45 760 60.699700854700865
0.05 2000 0 60 237 49.19481500691566
3.3333333333333335 6000 5 30 849 66.99103665594858
17.5 1000 0 60 219 58.892488687782844
7.000000000000001 500 0 30 452 50.09761274509805
0.01 10000 0 14 155 48.38982683982687
1.7000000000000002 5000 0 60 148 66.95414979757089
0.2 500 1 14 743 52.202625107112254
0.4285714285714286 7000 0 50 159 52.821450310559044
7.000000000000001 2000 0 60 417 51.955993808049584
0.4 500 5 8 973 59.79474323523604
39.714285714285715 3500 4 30 993 43.848613052011785
0.0 100 1 6 155 54.84157342657346
0.0 8000 0 76 52 74.60985714285717
0.7000000000000001 3000 0 40 633 61.732636497786544
0.0 3000 5 30 333 66.79678683385582
41.09230769230769 6500 0 37 1145 59.09951893909934
4.9 5000 17 30 518 75.55205440024112
3.9850000000000003 1200 0 20 297 67.15850571632726
0.0 2000 0 24 132 57.726764705882374
0.2 3500 0 30 435 61.10963636363637
0.5 1000 0 30 55 40.67216101694919
9.1 4000 1 31 662 45.53441176470591
0.0 10000 0 23 239 63.88416666666669
25.25925925925926 2700 0 30 695 41.384259414225966
0.17777777777777778 6750 3 30 329 58.37015949475489
0.0 10000 0 30 178 33.82642696629213
0.2352941176470588 3400 3 30 1631 63.077427001677364
2.1 5000 0 30 248 53.85937007874017
0.0 8000 0 60 585 61.6114054908486
0.0 12000 0 30 245 69.46506944444445
2.8000000000000003 5000 2 30 569 55.06461991932984
0.75 2000 5 30 547 50.7756831648658
0.0 15000 0 30 144 59.3559530791789
1.2142857142857142 7000 0 22 131 56.71694029850747
0.0 2015 0 30 209 64.36954545454549
6.5 1000 0 30 596 42.27265587573493
0.7142857142857143 3500 0 30 644 58.16320559707427
26.87727272727273 22000 0 27 85 63.60500000000002
0.0 550 3 15 1486 61.002664030829294
2.925531914893617 2256 0 30 465 53.065920043811644
1.5 3000 0 30 166 43.887449324324365
4.0 1750 0 57 302 42.51182907348246
9.387755102040817 4900 1 30 879 58.90672925547736
0.0 300 0 30 223 49.645428571428596
18.055555555555554 720 0 60 413 53.65755146181387
0.0 50000 0 20 537 35.979843037682514
1.4000000000000001 1500 0 42 398 42.389985660847884
0.0 600 0 30 205 56.926666666666705
4.0 1000 0 3 152 70.64061734443904
2.0 1000 0 21 478 62.83476285983956
0.0 3000 0 34 420 57.39682608695654
0.0 50 0 16 107 53.19071428571431
0.039 100000 0 30 85 65.34549450549454
101.74000000000001 5000 0 45 589 63.95640065146581
100.25200000000001 3000 0 30 420 66.63000000000001
147.0 3000 0 10 405 82.79892004773271
102.05 2000 0 30 237 60.958495467224566
100.96000000000001 2500 0 21 166 63.88733865602133
120.19999999999999 5000 2 56 836 67.7349325908558
113.9 8000 1 30 390 53.046072026800715
109.41666666666667 6000 0 30 589 62.12370593145441
101.12 5000 0 30 434 54.73439102564106
100.49999999999999 5000 0 71 103 66.3734210526316
188.08333333333334 6000 0 30 329 65.20547904191619
109.5 1000 0 31 178 58.61935234699942
102.5625 8000 0 30 159 73.48301724137932
106.63076923076925 6500 11 43 3147 57.229877699771976
106.05 1000 0 30 83 56.46069879518075
120.32857142857142 7000 5 34 371 59.343461538461554
111.62 20000 9 30 995 75.64068119636863
100.0 500 0 38 274 42.75650663206463
100.15789473684211 3800 0 30 249 50.44440642035133
143.5 5000 0 30 409 69.93644736842107
129.73333333333332 15000 4 30 1151 77.29479806848114
104.9655172413793 7250 0 27 564 54.42214457831329
113.16666666666666 600 0 28 124 61.97714285714288
150.0 3000 0 45 472 52.32012187538864
160.0 2500 0 30 227 41.61450216450217
218.58748 25000 0 30 364 67.92653820816867
112.66666666666667 3000 0 30 884 62.16401957274141
115.73714285714287 3500 0 18 133 50.70968421052632
138.1818181818182 550 0 60 613 81.55240078392946
120.83333333333333 1200 1 30 404 67.00599945235487
101.0 2500 1 30 400 56.71989106181914
151.0769230769231 6500 0 19 272 56.283478260869586
130.0 10000 0 30 217 72.64426421404684
121.42857142857142 700 0 14 316 55.05422764227646
100.0 2500 0 53 197 63.366095070422546
350.6666666666667 3000 0 30 382 38.9211728896104
102.77777777777777 1800 0 35 480 37.511578947368434
113.7 5000 0 30 364 68.73700000000002
166.66666666666669 1500 0 21 212 58.750214336746865
108.16 10000 0 36 664 61.843792525908114
4.380952380952381 1050 0 30 66 57.89800995024878
2.2770398481973433 5270 0 59 371 38.23941020440009
23.5375 8000 0 40 270 74.59745951417007
0.4 2500 0 30 372 87.27275286539736
4.0 2500 0 15 644 74.11173697157437
32.675 4000 0 40 206 45.345891587677755
0.0 2000 1 30 342 72.30221040040294
1.866666666666667 1500 0 60 41 100
6.666666666666667 600 0 60 111 61.53858108108109
19.25 2000 0 30 703 59.61100233100237
8.0 750 0 30 131 51.59000000000002
0.15384615384615385 65000 0 30 199 49.0551029748284
0.0 1000 1 12 668 54.92673913043478
15.0 5000 0 30 183 64.24149758454108
1.0 1500 0 10 307 59.57495780590716
0.06 10000 0 20 831 67.91660614312374
0.3 20000 0 30 405 53.17043843283582
0.5454545454545455 5500 0 30 183 64.54708196721313
0.0 3500 0 30 413 70.93951026856243
12.5 2000 0 39 469 52.984462474645056
2.0 5000 0 57 147 45.316124401913896
7.222222222222221 27000 0 30 891 54.27972613443973
5.2 2500 0 30 140 52.11928571428574
9.20075 16000 0 60 382 57.6019220779221
33.57 10000 2 60 414 46.14301713586295
41.20740740740741 13500 1 47 1125 45.41647992456981
5.855111111111111 13500 6 19 2998 63.38659235115169
20.833333333333336 600 0 30 313 57.403414906832296
32.800000000000004 7500 6 32 856 58.39188089486055
0.38461538461538464 39000 0 45 293 49.753738738738775
2.857142857142857 5600 2 30 472 31.894500000000022
11.362007168458781 2790 0 12 261 43.23673154981552
12.666666666666668 300 1 31 151 45.15749367088608
17.599999999999998 25000 0 33 270 38.86700089928058
63.33333333333333 750 8 35 700 58.47188684370656
0.6 500 0 30 70 60.25706081081083
0.8853125 48000 0 45 1078 50.20138248847928
28.499999999999996 1000 0 27 380 39.260232558139535
0.5 1400 4 30 359 63.802012882447684
6.428571428571428 700 0 90 722 63.883131136044895
3.3333333333333335 1500 0 45 246 60.478744939271266
25.744934445768774 5873 5 43 589 46.7052808591626
13.900000000000002 1000 5 30 1408 48.452090488395925
17.68 10000 0 60 176 50.420975114271215
13.5 2000 0 41 321 39.81325174825176
41.08 50000 3 30 386 23.05704634282526
0.05 4000 0 50 37 32.57641891891893
0.0 500 0 43 497 51.12291228070177
16.071428571428573 14000 0 30 985 40.13193569553809
0.0 2500 0 60 391 51.73268141945775
48.84615384615385 1300 0 30 207 60.99581521739131
0.005555555555555556 18000 0 29 178 48.76484848484853
1.0 1000 0 30 229 46.59250000000003
26.700000000000003 3000 0 30 339 52.73437062937066
16.400000000000002 250 1 30 355 33.833268442622995
1.0 5000 9 59 1116 45.81088392558763
23.1 1000 0 59 228 21.780146288209608
3.7001 10000 1 30 1014 43.64879831932774
2.0 5000 0 56 305 19.33764283947565
2.6 5000 0 30 185 48.14361111111111
0.0 8000 4 30 217 45.24200000000002
34.66666666666667 4500 25 32 1273 46.25511981172443
100.123392 125000 4 23 776 58.83990983630477
106.36000000000001 10000 0 29 449 51.52953572447913
130.31161111111112 18000 9 30 602 55.49356854838712
101.16666666666667 15000 0 16 551 61.38614864864866
119.17857142857142 2800 12 33 1023 64.1239286551078
131.7418181818182 27500 5 30 1157 57.60240671641793
276.28 20000 10 30 403 35.27940237226278
117.24166666666666 12000 0 30 486 62.345686556231726
117.63999999999999 7500 4 30 463 56.30901069246438
238.75799999999998 10000 1 45 1995 48.05910066187431
101.31176470588234 8500 0 40 535 62.119838709677424
100.0 3800 14 30 1392 63.946986042110254
104.08333333333333 18000 5 23 1394 59.93462776033101
102.49999999999999 3000 1 33 308 53.41597268487678
114.65 60000 5 37 398 70.0943255131965
102.48401826484019 10950 3 30 392 56.71868781725891
100.08888888888889 1125 2 29 522 68.359274991912
107.0 500 0 53 309 59.36250000000001
101.63416666666667 150000 33 31 3715 51.182693333785096
154.09666666666666 30000 3 30 911 49.746462939297146
151.95875 2400 11 30 975 32.593121305661384
211.7937 20000 6 45 1449 53.18818323493167
163.72394 50000 45 30 1450 52.610701723016916
125.57000000000001 20000 36 45 2383 50.40951175437527
102.179 300000 27 30 2532 50.21637640449441
148.791 8000 11 45 1259 54.476069767441885
121.22200000000001 50000 24 30 2490 49.63511337096148
106.64505 20000 0 63 261 56.961135228582435
108.69 30000 21 29 1324 45.36443235662412
128.78917333333334 75000 61 38 2770 49.190157614483496
125.09751333333332 150000 33 39 3965 48.656399481889366
121.44215 100000 4 37 915 68.15669442053373
113.83014999999999 200000 65 30 2930 49.14864203169057
287.08183818181817 550000 64 30 4364 35.67453622105373
130.89357142857142 7000 20 30 1204 53.23286157693573
120.25758333333334 12000 8 30 497 64.27065268065272
117.15266666666666 3000 0 30 572 69.36965528146744
125.88125 8000 7 30 1751 52.76909883087313
100.32308 50000 39 30 2179 63.19362322779992
165.86506 50000 43 34 1660 67.13864182692308
126.56666666666668 3000 31 60 984 52.23767423504768
6263.528 1000 18 24 1032 52.81812983596413
114.48756907832052 78715 4 16 627 41.23264991850729
288.6306666666667 1500 8 23 1394 57.030463776785865
119.12514583333333 48000 50 31 2055 42.4274052824845
118.44424000000001 25000 13 30 977 61.827352941176486
301.064 25000 35 30 2120 66.2319495033113
123.72000000000001 5000 11 30 1589 64.1172643244735
108.5 1000 0 42 402 55.85581947743472
321.6625 4000 17 30 1595 55.35019971043138
128.30954 50000 32 30 1739 46.11342984082631
381.17507142857147 28000 31 30 1258 54.723950784011606
123.91111111111111 9000 24 25 3342 37.72625322422036
132.97539999999998 50000 44 30 2314 67.16293148226073
348.63375 800 5 30 718 76.98989993125049
131.81213642213643 77700 63 28 3677 57.7256407991803
122.93077647058823 85000 53 30 2443 45.43697347067203
146.54149999999998 2000 10 30 596 52.585000000000036
423.7 1000 0 15 1084 70.09332680626602
915.2884 7500 51 30 2036 60.28222938588925
172.57233333333332 3000 35 32 680 46.883979472140794
108.932 2500 51 30 1794 52.029918379530955
130.7095 12000 27 30 1682 53.220947104806044
120.96274999999999 20000 24 30 1489 53.83871794871797
112.30777777777779 4500 4 45 359 49.887202851925935
102.0888888888889 4500 48 30 1625 62.65617800729041
177.15454000000003 50000 6 30 1244 59.44769162252123
115.83333333333334 15000 11 30 501 66.44882352941178
110.678425 40000 27 30 1741 48.67274797570852
106.15239999999999 10000 29 29 2185 56.9170120182346
512.1108666666668 30000 1 30 992 48.29800663716816
469.26635 40000 43 30 1784 47.669754483200904
106.60000000000001 2500 34 41 1772 46.537911897239326
109.80588235294118 8840 6 30 861 52.23244642173751
132.04784615384617 6500 0 30 595 42.85942307692309
105.15168539325843 35600 51 31 1496 63.701854143193714
105.80433333333335 6000 3 30 1875 49.85166189601867
180.87 10000 28 30 1236 48.96849299507764
144.26000000000002 10000 57 40 3799 48.970075762039215
146.41666666666666 12000 18 30 790 53.90886792452832
1048.6399999999999 1000 7 30 330 52.35003016591253
110.49 10000 8 30 675 52.00165995975857
232.26666666666665 3000 2 60 493 48.89903891050585
265.709625 40000 43 30 3568 57.16914560191094
137.20757142857144 70000 34 28 2971 54.3219724193209
103.076 50000 50 30 1780 51.690495311055344
131.03654 500000 7 30 926 66.96946413462443
493.62000000000006 5000 22 46 706 57.527164835164854
109.80000000000001 3500 8 30 716 47.63834715042242
138.33837499999998 80000 45 35 1577 57.98028562897562
229.93333333333334 3000 0 30 389 63.976587795765894
157.0 1000 20 30 1523 55.86777917716205
426.87497199999996 500000 22 32 3046 49.093517285519994
110.9 10000 23 34 1404 51.13787328375287
147.650592 125000 36 10 1247 50.438754683840756
184.66666666666666 3300 5 30 829 52.04776875250704
185.93 20000 7 32 1168 53.57730924241602
516.13 3000 0 30 524 60.13565878378381
1714.226 10000 32 30 2214 56.84984639272989
141.0 5000 11 30 2367 71.32803431921482
126.26528640000001 1250000 28 60 3497 56.6131081946223
204.4512327119663 8315 17 30 1174 63.43830669211502
402.875125 8000 44 30 1123 60.50713303082688
202.7332857142857 7000 0 45 848 55.96651671260739
109.525 12000 29 32 2547 47.18046273079554
102.03500000000001 40000 12 30 1486 52.518346814964616
119.2885 50000 39 38 2052 58.74805058568981
126.38575 40000 22 30 2098 52.52901010858153
170.954 100000 9 60 1608 51.29728915662653
117.91285 20000 6 30 1157 53.904883994510186
254.57 5000 0 30 405 47.80829568273094
235.68200000000004 7500 0 29 1152 43.15736881399317
129.48338461538464 6500 4 45 579 59.10359338735293
201.82999999999998 10000 0 36 362 56.62636200716847
131.44291666666666 12000 38 37 4316 64.21922747715074
143.80083333333332 6000 0 30 847 64.58305835921328
145.3629 50000 48 30 1670 43.6373663522013
413.0 1000 16 26 1197 46.06153331635457
317.28166999999996 100000 29 30 3330 43.1252729641694
102.39353846153847 13000 4 30 1125 61.61422916016912
114.402 7000 37 30 3427 57.996188908708405
171.270858 500000 64 32 2178 49.24369127516778
416.29560922063666 9110 20 30 1073 49.48897670323717
122.02052 50000 37 35 3803 50.39293689938208
114.31858333333334 12000 8 30 987 49.73595382253873
117.33333333333333 1650 0 30 855 45.6169677033493
128.416 100000 35 30 2855 50.575268088206315
133.42075 8000 7 22 525 66.46788306451614
116.77888333333333 60000 64 28 3004 51.87836113837099
366.46940909090915 44000 47 35 2279 44.02553448011059
127.972 75000 67 24 3459 44.00746648177676
231.54939999999996 5000 3 30 740 56.38764044004549
171.88619599999998 250000 22 40 1372 52.60250620347398
113.55358947368421 95000 53 31 1855 54.39673846153846
717.0977777777778 225 0 16 349 59.26342403932085
188.8206 15000 37 30 1590 57.86443646996278
312.15999999999997 15000 10 34 2113 34.64122770028345
125.3675 20000 21 30 2308 51.82120376874448
0.077 500000 15 40 959 58.96927226986432
0.7466666666666667 15000 0 9 275 56.432517985611526
0.198 50000 3 30 909 60.142107066381186
2.41 80000 29 30 1541 39.67523536904832
1.291111111111111 45000 7 30 454 47.665538138332266
0.436 25000 29 45 676 53.11832918094055
0.031275720164609055 60750 4 29 370 52.13421768707485
0.0 100000 5 60 297 42.59124880611273
7.380000000000001 5000 0 36 579 32.86747298965895
0.01 10000 39 60 846 87.39048169116977
0.75 4000 12 30 466 55.19129536645528
0.23366666666666666 300000 55 60 2079 54.12602112676058
0.0 25000 0 30 627 59.52425396825399
1.3299999999999998 10000 0 30 1334 57.01728313995497
0.97 50000 8 30 930 55.44543731321701
13.769166666666665 60000 10 30 1535 63.60014678082956
14.066666666666666 3000 31 42 521 48.50327230579998
0.7000000000000001 15000 2 30 590 52.92602402745996
18.425 4000 0 60 394 69.60592840283242
0.04 5000 3 30 980 50.29499643101224
0.0 50000 0 30 671 42.95000547885164
0.0 500000 3 30 620 57.95653847868738
0.0 30000 5 37 574 65.9554285714286
5.915 20000 0 30 318 54.66684873949583
1.0 1000 0 30 164 62.387483781279
0.0 989500 5 60 1645 47.82510802939163
0.125 20000 1 30 542 80.9750933508025
0.0 20000 0 30 335 58.873188691650256
0.0 300000 0 60 861 50.436789855072476
0.0 275000 1 30 329 56.690943912448716
0.016666666666666666 150000 0 30 226 36.536850638151094
0.0 150000 0 60 184 58.555036292574016
0.0 150000 0 31 525 35.89250000000001
0.0 5000 0 58 135 54.90283211678832
0.8 15000 0 30 338 57.04893228773943
0.013333333333333334 75000 0 60 234 48.12192307692311
0.0 375000 0 30 92 52.417318840579725
0.0 100000 0 30 351 47.0496052631579
0.0 85500 0 10 234 44.680287686996564
0.0 30000 0 60 72 -1.3700000000000045
0.0 28000 0 60 163 61.84479189686925
0.0 100000 0 30 400 48.9609090909091
0.9000900090009001 3333 0 45 222 61.86500000000001
19.05 2000 0 30 236 51.55053277545329
1.1578947368421053 9500 3 38 774 49.573985727728996
3.3333333333333335 750 0 45 726 62.897083600794744
5.648000000000001 25000 0 30 672 59.78854527938347
13.63 10000 0 42 668 59.02611535662302
12.879999999999999 10000 1 45 1150 59.797731042714474
18.762857142857143 35000 4 30 468 50.32137685950417
5.660566056605661 9999 2 30 682 55.98957360663698
1.6500000000000001 2000 6 30 596 81.28082427536232
0.02666666666666667 3750 0 30 380 56.2150863422292
9.84375 6400 0 60 171 60.12635767790263
0.00923076923076923 65000 0 30 498 54.992594059405974
0.7000000000000001 1000 0 30 953 59.309652177417746
0.2 2500 0 30 148 46.17894736842106
0.13333333333333333 7500 0 51 156 41.273821656050984
0.6666666666666667 300 0 20 257 65.8671323833127
1.7699115044247788 565 0 7 405 62.11729115977295
0.10200000000000001 50000 0 30 237 57.828838912133875
1.3333333333333335 7500 0 45 574 42.094524441076175
0.40545454545454546 55000 0 32 481 51.69080245398774
22.678571428571427 2800 0 27 244 55.90975609756097
0.0 10000 0 45 295 55.891358520900354
2.8666666666666667 15000 8 25 1905 51.24321942724458
7.199999999999999 500 3 21 604 60.900105769230805
36.730000000000004 20000 11 30 2180 50.14793296278839
0.13333333333333333 75000 0 30 162 51.01759467455622
27.769230769230766 6500 0 30 376 69.89374529270799
0.2468888888888889 4500 0 35 210 46.20141549295778
2.75 2000 3 25 743 44.184976780185764
3.0 5000 0 30 560 68.09865853658539
0.0 5000 22 30 2755 36.62292897422128
0.54 50000 3 30 388 73.1582474620258
0.0 50000 0 44 144 56.447191780821925
0.0 2560 0 35 276 65.90680885780887
0.0 1000 0 29 170 61.60933094994894
0.0 1500 0 13 260 59.553879310344854
0.0 5000 17 30 498 54.79371606850063
106.4695 4000 0 30 266 57.753878446115294
100.8 2500 0 30 89 61.40681818181821
129.0 500 0 30 62 53.50026881720433
103.175 20000 0 30 618 42.52318443726443
109.63636363636364 550 0 60 152 48.647016129032295
105.88235294117648 1700 4 30 693 61.05698266813448
110.3 2000 0 30 431 41.9266836734694
112.6 3500 4 36 648 65.05429397590365
106.5 5000 1 30 1042 45.23536862003783
106.96666666666668 3000 5 38 1257 69.84212781321187
100.1 5000 0 20 296 43.14980237154151
120.83333333333333 3000 0 30 52 56.87411764705885
103.42857142857143 700 0 20 259 50.90004056795132
186.60000000000002 500 0 36 456 52.99820526665559
128.78138888888887 3600 4 24 540 60.61277272727274
121.10000000000001 2000 0 36 261 68.95598684210528
100.15384615384615 6500 1 29 423 47.586183800623076
110.16666666666666 600 0 30 640 49.76626687116567
102.61538461538461 6500 0 30 315 59.44977678571429
129.20000000000002 500 3 30 294 67.53943688118812
111.92500000000001 4000 1 30 403 63.63924657534247
117.5 1200 0 30 530 59.0694715422826
135.45000000000002 4000 0 65 891 48.58340281606027
106.66666666666667 4500 0 30 214 49.91500000000002
105.26666666666667 9000 11 30 905 47.86416981132078
111.3 10000 23 60 854 49.47259946848902
100.4 4000 4 27 860 49.82836175121321
100.26875 4000 0 81 183 78.87765015015017
237.37692307692305 6500 0 28 131 60.122916030534384
106.66666666666667 300 0 25 519 54.18878547660992
204.0880503144654 795 0 30 651 57.820160861151436
102.71428571428571 3500 1 24 594 38.37176331420517
114.73684210526316 3800 5 19 1002 65.27681690552794
106.0 500 6 15 1046 62.59361604010027
100.0 200 0 60 197 52.021000000000015
111.05399999999999 1000 3 30 1016 54.706999743436256
101.4428 30000 3 28 349 61.693977676306474
122.1063829787234 4700 2 31 740 50.48259142496849
115.45454545454545 3300 0 31 213 62.042015503876
166.78875 800 6 33 760 53.576298850574744
71.86153846153846 39000 0 17 265 60.12704284542846
3.5000000000000004 10000 14 45 2281 72.75358831113024
0.4888888888888889 45000 1 33 773 65.93026894865527
23.331 100000 0 37 720 53.77806845758792
0.0 20000 0 60 344 59.32117370892021
19.18181818181818 5500 0 60 555 56.35508304891923
0.0 1000 23 30 1577 48.75748835639038
2.7 3000 0 30 348 69.99093079019073
0.7000000000000001 50000 0 50 577 59.66838709677421
11.116 50000 0 15 541 51.82754233511588
0.005 500000 5 30 1430 63.32955432354605
26.5 3000 0 30 831 55.94714278202345
2.0 5000 6 30 712 56.691054605108974
8.3 30000 0 59 25 66.96333333333337
0.0 100000 2 60 964 61.62448138076476
0.6608293408227326 18159 1 50 250 49.43862370902559
0.0 40000 3 20 341 47.068211335254574
10.0 5000 7 30 1066 61.918409883676276
8.776666666666667 30000 4 30 226 47.76410696599541
0.8119047619047619 42000 0 20 788 47.205036496350374
1.2666666666666666 7500 4 30 1448 52.56878902041373
1.6500000000000001 10000 10 33 1292 47.80524916563803
9.771436299702462 14788 1 19 266 54.912911597729135
13.366666666666665 3000 11 16 1288 46.532668586570225
24.436666666666667 30000 2 25 301 54.67841059602651
21.0 7000 5 33 2352 64.10398550724642
4.603644388398487 79300 6 30 165 47.82090643274856
3.5818999999999996 10000 0 36 137 61.95605477855479
25.0 200 0 30 109 52.34758780991737
0.0 500 4 20 1467 53.35180230353589
5.7 5000 21 43 2050 50.72144599303138
39.757999999999996 100000 7 30 1204 44.97419111111114
33.1 5000 0 30 829 52.2071593137255
46.526666666666664 15000 8 36 1990 60.25907575757577
18.693333333333335 75000 0 20 433 55.6711083437111
1.6840000000000002 25000 0 24 183 46.234426229508216
43.611111111111114 9000 8 35 1236 64.39999660374664
0.06071428571428571 140000 1 35 1657 48.86185697217957
0.018666666666666665 300000 6 35 1205 47.985240497076035
1.5 20000 5 33 1164 65.72992089552241
4.0 25 0 30 95 64.84941558441562
0.06666666666666667 1500 0 60 615 59.91682333873584
0.05 2000 0 24 139 32.48928571428573
0.0023529411764705885 85000 0 30 1381 51.958086715264955
2.3800000000000003 10000 0 30 119 57.84537190082648
0.07142857142857142 7000 0 27 897 52.84325676855897
0.0 180000 0 28 380 64.20433403141362
0.0 5000 0 60 284 42.60500000000002
0.0 150000 0 30 222 50.18775000000002
0.4727272727272728 5500 0 30 309 49.87546755237611
0.0 800 0 30 337 60.352160312805495
0.0 5000 0 15 1055 58.406311919504645
0.0 25000 0 30 725 45.0439207171315
0.0 15000 0 45 166 44.13045242847639
0.012727272727272728 55000 0 30 150 53.18475738396626
0.0 8000 3 30 614 59.13219441408165
0.775 20000 0 30 347 73.16409550045915
0.0 850000 0 30 203 18.546436781609245
0.0 750000 2 60 517 58.40467741935487
0.0071428571428571435 350000 0 19 282 48.52664680390035
0.0 80000 0 30 316 51.53877990430624
0.1 5000 5 45 631 44.932360106126424
50.7 1000 0 30 741 57.61727657283498
0.0 30000 17 30 709 57.16169042656148
0.006666666666666667 75000 3 40 42 44.52000000000001
0.055 20000 4 60 593 40.22039800995029
33.84615384615385 325 0 60 277 19.68109305064786
0.105 20000 0 30 230 55.57075630252103
0.592 50000 0 30 742 61.38696540603931
0.0 12000 26 24 1307 43.25163718163796
0.0 7500 7 40 1107 56.88770861766429
11.86 10000 3 40 2149 50.16038560289084
0.22799999999999998 25000 0 28 417 39.93309537914695
0.04 7500 0 60 235 40.404988078207
0.2 1000 17 40 1453 58.59447057384071
20.016633333333335 30000 4 35 717 63.11624125874127
4.34 10000 0 30 145 10.53379310344829
0.02 50000 0 30 124 48.44162790697675
3.0 5000 0 20 271 54.668508064516146
0.0 1000 1 30 1693 42.76479657204683
1.2714285714285714 35000 2 30 614 39.12807692307695
5.898085585585585 35520 0 30 504 51.72052967665735
0.0 2500 0 60 441 59.15061415929205
0.0 150000 3 30 1213 49.823009215534796
0.0 6500 9 14 701 32.93763718263722
0.0 50000 1 20 584 63.08926107859533
8.4 250 0 30 867 67.29321818450951
0.0 40000 5 30 890 46.93431312569527
0.808 25000 3 30 332 41.82060538501119
0.0 1446 4 60 607 54.41365293484117
5.65 2000 0 30 130 41.67410256410258
1.0 5000 6 45 508 53.68813953488373
0.05263157894736842 19000 4 42 587 49.107407407407436
0.0045000000000000005 200000 5 30 478 55.541967825052865
0.25 20000 7 40 537 57.95476679841897
0.0 5000 0 25 280 54.171328671328695
1.8333333333333333 15000 0 30 274 58.2331639528355
0.0 50000 0 60 247 9.520967741935493
0.0 100000 6 30 1082 61.98581565204418
0.54 15000 0 30 390 55.28393987341775
0.4 25000 3 30 879 46.36578864388093
0.7418181818181818 55000 5 35 266 43.12830645161293
76.55999999999999 40000 22 57 909 50.941610412147526
11.7425 40000 54 33 2626 55.45622787785638
38.81333333333333 30000 0 29 642 59.16297958397536
0.17750000000000002 40000 9 30 901 24.706451456310702
5.21 150000 9 30 931 49.56550796178348
0.014285714285714287 350000 18 30 1443 34.408195522919954
24.744 100000 1 30 582 54.67827961321515
0.1 1000 12 30 978 61.95527716186254
0.1 10000 9 60 1703 53.85186905026964
5.4125 80000 6 60 763 49.76647621005037
6.446000000000001 50000 0 30 174 37.832211864406815
0.44 2500 0 30 206 55.85928260869568
0.8500000000000001 8000 5 30 428 69.66085103649135
6.637142857142857 35000 0 54 386 68.83859721897642
2.5 10000 28 30 2285 45.7990883757962
5.9275 40000 13 55 311 62.08895833333335
5.115555555555556 45000 26 30 865 58.70266062717772
52.458000000000006 50000 12 30 1905 41.35870967741937
405.40317999999996 50000 35 30 1360 46.95532135937009
3116.56 50000 27 45 2010 53.23751929112697
1290.4395 100000 39 30 1364 52.392907523510985
150.8584 125000 5 30 1303 46.938292383292406
118.31020000000001 20000 38 30 1365 56.05067161460707
717.5857142857143 70000 51 35 2094 49.33677907425266
2214.744 50000 23 60 2455 55.314456944947494
122.38533888888887 180000 14 34 1228 36.72310144927539
107.428 25000 57 30 969 84.74283490316647
4143.85512 50000 20 30 1530 55.556696640974394
377.5833333333333 18000 42 45 963 56.83546954966167
602.4245 50000 12 42 1014 39.12242765188256
118.56296296296296 54000 18 36 921 49.27261400651469
512.7666666666667 3000 41 30 2406 47.312178068410475
125.3436 500000 8 35 891 61.625995623632406
453.63597999999996 50000 19 60 1730 54.91427424160349
1971.5113999999999 10000 15 17 2129 68.24666545053137
138.90166666666664 60000 38 35 1908 50.809518072289166
1265.326688888889 45000 32 30 968 42.88002370791847
3150.4509199999998 25000 0 30 415 54.112012987013
1.8599999999999999 5000 0 4 1026 48.55030866811876
0.0 38000 20 31 963 60.301212121212146
15.262 50000 14 30 580 45.685031796502415
9.708 25000 26 45 1528 47.67398754417144
83.99833333333333 60000 45 30 1781 49.17031651533321
29.542 100000 0 31 238 57.65530208333337
21.317333333333334 150000 40 60 1388 43.46669379279919
199.636 50000 19 35 2810 60.492925173557694
52.251000000000005 100000 0 42 447 35.854366225701966
0.0 58000 0 60 109 53.550810810810816
0.0 25000 0 36 1037 57.8182635559817
19.02 5000 0 30 114 73.60722570532918
0.036000000000000004 150000 32 60 837 49.52804359346561
20.322000000000003 50000 0 60 138 40.93000000000001
0.0 13500 0 30 234 65.76460437710438
0.0375 80000 0 30 476 44.62497187060481
0.0967741935483871 15500 3 30 947 52.746826868062726
8.386666666666667 15000 18 30 2923 48.16698979591837
0.2380952380952381 42000 0 51 675 61.426052631578955
0.0 4000 0 35 509 50.55936606772224
3.49 10000 5 30 588 59.681836969001154
0.0 150000 1 30 413 55.731082923135176
0.034999999999999996 40000 16 21 655 63.48318255173726
31.197142857142858 35000 10 30 1209 46.88941904761907
0.08514285714285715 175000 5 28 119 48.10605042016809
1.2 5000 0 60 618 23.196245849834014
0.0 500000 49 31 1373 41.58260680641314
25.623636363636365 55000 18 30 1244 47.67532246922886
73.12368421052632 95000 3 30 441 54.304460948258935
2.6550000000000002 100000 0 30 156 53.453505838641206
0.0 200000 0 30 236 49.48193933054395
0.0 500 89 45 2670 41.50932230467947
17.543 100000 8 24 568 38.31921560402688
1.704 100000 22 46 2355 51.00253188132697
14.206 200000 6 46 901 50.37295100732604
0.1418111753371869 64875 0 30 181 34.27417391304351
0.05280000000000001 250000 22 38 2979 45.204068979187326
34.336666666666666 60000 16 32 1052 45.18273480822552
0.27375 80000 13 45 1232 33.416804075961096
0.11386138613861385 101000 14 40 1987 35.88573146166436
172.58333333333334 60000 19 35 1790 56.24016638676372
150.74666666666667 22500 30 35 1384 46.37182080950683
384.906 50000 21 40 688 47.640710333638424
112.79999999999998 25000 38 35 1229 61.79295079727041
133.95250000000001 80000 31 40 769 37.06302621283257
111.19615384615385 78000 18 60 2455 51.68194136151564
251.6232 500000 21 30 211 39.82597951344431
449.15000000000003 6000 21 60 795 53.47967068045904
164.375 100000 9 30 3606 46.27721153846156
347.29 20000 10 26 2385 49.786573408624264
767.1840000000001 25000 35 30 966 34.57512195121953
104.764 25000 41 42 694 47.09056368670889
100.196 200000 20 41 1026 44.12896816037738
1098.0819000000001 20000 32 31 1948 55.535257544709424
1128.2134 15000 3 30 543 58.69206530291112
100.9261744966443 7450 28 30 1013 52.092434210526335
153.315 20000 27 30 1294 50.77476390836841
286.687 100000 120 30 2110 57.172099850994556
431.91125 80000 43 45 815 60.061200000000014
245.058 50000 40 31 770 42.601693667157605
142.666 50000 26 32 1118 59.62776764472642
225.582 50000 26 30 1713 48.35839876828331
115.14 10000 22 33 2005 34.656382988081106
158.088 200000 51 44 1027 44.51651026392963
102.42333333333333 30000 32 34 630 68.96767125480156
129.44181818181818 55000 24 30 930 54.46155149142933
514.12 10000 9 30 284 34.515134020618575
115.04 25000 39 40 1871 75.13983821509869
184.4625 20000 23 60 1390 52.980408542247005
1906.4050000000002 20000 6 30 741 55.827060105680346
117.83999999999999 10000 12 22 226 67.58750565824218
719.318 1000 35 32 1405 53.69370879120882
188.95132 50000 16 30 184 32.23550802139039
116.44399999999999 25000 6 30 1466 44.88354508944872
110.034 50000 25 53 564 40.98617134658744
115.725 40000 67 45 3032 43.9254495073892
1457.4933333333333 15000 29 30 691 42.287187500000016
182.23 80000 24 44 891 59.96292691256832
2142.5899999999997 10000 23 30 1296 44.029646481342354
109.77300000000001 100000 5 31 994 48.299776264591486
38.32 5000 8 15 818 59.33000000000001
5.38 10000 5 30 248 47.82782263294425
0.015 40000 1 30 296 35.75704545454548
0.13999999999999999 50000 0 20 189 40.4009404145078
0.2 5000 0 60 417 60.71053472079126
4.15 2000 5 45 604 47.324311705965414
0.36666666666666664 30000 4 60 580 45.997321172371414
1.275 4000 0 30 900 56.396329185520386
1.5058823529411764 8500 0 30 355 54.698913043478285
0.0 40000 0 32 701 40.019176470588235
0.0 125000 0 60 361 58.883188705234176
0.3157894736842105 95000 20 30 755 53.56382255389721
10.0 50000 0 30 159 58.04875000000004
0.125 100000 2 30 920 63.721153391167206
0.44999999999999996 10000 0 30 132 18.360686274509845
0.04 5000 0 30 270 63.60326086956525
0.0 17000 6 30 852 30.825131578947378
0.0 60 0 30 316 43.38877777777779
0.008 50000 0 30 134 40.88175373134331
0.0 15000 0 60 527 64.07560785692755
0.10333333333333333 30000 0 30 248 28.80507530120485
0.0 200000 3 30 209 36.69291732490785
0.0 5000 0 7 116 32.31000000000003
0.0 4000 0 30 669 54.24127652233918
0.0252 500000 0 45 216 53.048333333333346
0.0 100000 0 30 586 57.05673363774736
0.0 100000 0 30 158 51.20958972392643
0.0 100000 0 44 242 57.11828703703705
0.02 5000 0 30 257 44.71756082725062
0.2 5000 0 60 269 50.405575757575775
0.0 100000 0 30 553 41.074649910233404
0.005833333333333334 1200000 0 30 137 57.22615384615386
0.0 2500 0 21 170 -25.60587278106506
0.0005 1000000 0 15 201 47.52056818181819
0.13333333333333333 1500 0 25 142 35.465301573426586
0.4 5000 0 60 670 57.31009499812728
0.02692307692307692 78000 0 30 555 65.04572115384617
0.0 100000 0 60 572 45.613538100287855
1.981818181818182 5500 0 30 190 22.17100000000002
0.08333333333333334 6000 0 59 172 60.94500000000002
0.0 5400 14 58 863 54.548361522198746
1.6199999999999999 10000 0 30 126 58.27883720930234
0.0 5000 0 30 164 50.736470588235335
0.0 35000 0 26 1021 60.56906370586097
0.13 20000 1 30 208 62.22320036861507
0.0 15000 0 40 319 61.65271028037387
0.0 60000 2 30 982 59.25604285714287
0.8 250 0 60 649 33.92595127750465
0.0 25000 0 30 211 49.59813380281693
0.012658227848101267 7900 0 14 481 47.091935746064394
10.65 4000 0 30 142 24.17918103448281
0.0 500 0 30 150 38.71086092715234
0.3 20000 0 30 191 45.58346590909093
0.0 100000 3 60 257 47.06537209302326
0.0 200000 0 30 298 33.216500000000025
0.0 1000000 0 30 1706 52.138416792641976
0.04 2500 0 59 555 42.70975406871611
1.01 10000 0 30 510 51.9458395236411
0.0007999999999999999 250000 0 30 372 48.123121807242626
0.03333333333333333 3000 0 45 705 42.33758496487289
0.12 10000 0 30 538 61.90245495674259
0.002325581395348837 43000 9 33 906 63.67949747071353
16.11111111111111 1800 0 30 184 47.50021645021647
0.2 30000 0 30 126 65.86003244274812
0.15873015873015872 6300 5 30 628 37.1644919654905
0.33333333333333337 300 0 45 569 34.68774456521743
0.0 20000 0 30 181 38.49939226519339
0.1 5000 0 40 275 48.999166666666696
0.0 100000 0 21 194 33.081755499153985
0.005 20000 0 30 275 27.651627830653126
0.0 2000 0 30 350 45.35978193556889
0.0 50000 0 30 307 49.95060697374086
0.0 12000 0 5 261 57.682601560936575
0.0 7500 0 30 397 60.65337774643709
0.05 2000 0 45 337 52.5479411764706
0.0 400 1 60 583 65.37283462532301
0.1 20000 5 30 1400 55.9107243445693
0.1111111111111111 9000 3 30 818 53.12868485441646
1.01 100000 0 60 789 44.059008295933666
0.0 25000 0 15 208 70.83637482900139
633.3333333333333 15 20 30 1071 53.121461538461574
100.74000000000001 5000 10 38 480 56.76271165460071
102.39666666666668 30000 46 30 862 36.27816142198182
185.322 20000 3 30 839 70.39573543808126
158.0 750 33 31 1428 45.98294605162641
102.88465753424659 73000 20 35 1005 58.999208020594295
100.91666666666667 30000 17 30 1194 52.76785425101215
855.9100000000001 10000 10 60 538 27.339899564935678
374.76 20000 16 35 916 69.25192846924179
101.05833333333334 12000 32 49 1332 50.87526397676146
122.00283999999999 50000 7 21 728 54.682107666966175
864.2999999999998 200 14 39 1497 66.49776947435089
1509.78 5000 4 60 205 58.14896226415098
297.92 10000 35 38 891 51.679285714285754
110.52505 20000 59 50 1306 47.45570163667679
353.57599999999996 20000 13 30 888 58.606363211951475
197.5 1200 5 31 328 53.83148468185391
1302.3999999999999 250 7 30 364 63.82558270676691
247.8 500 6 44 657 68.01145258829222
1125.73 10000 17 34 957 44.2985054268114
121.38 15000 3 21 611 43.905725062122855
216.53333333333333 1500 13 30 1145 51.27576140127215
135.648 25000 38 30 1500 49.94593529919152
120.7 5000 24 31 1008 65.11776174856072
500.06000000000006 10000 23 15 1479 54.09246348346389
628.52 10000 6 30 3092 53.97268282548478
185.125 2400 45 38 3023 50.435142540386465
5680.754166666667 24000 10 39 495 58.891514439475486
170.62 10000 8 30 500 61.88536332739929
1674.11 10000 4 14 643 49.453531772575275
177.5 200 8 15 447 65.64861951219515
366.322 5000 27 20 1304 53.495454856361164
113.73249999999999 40000 31 60 984 46.67138047105007
326.04 25000 30 30 1646 60.760555154522905
192.12 7500 32 30 1827 64.34062034739456
239.27999999999997 5000 17 30 904 57.20510847984693
569.6666666666666 600 55 35 1199 38.33636029411767
136.02986666666666 30000 24 30 1943 47.08546292712913
107.45 6000 12 30 411 54.367995666305546
133.19333333333333 15000 18 30 620 48.9157648026316
0.20600000000000002 50000 0 30 331 66.86205003665691
0.0 35000 16 45 553 59.79445187165777
1.988888888888889 45000 5 30 829 56.41973549488057
1.7999999999999998 7000 0 30 254 55.244278074866315
0.07017543859649122 28500 26 40 915 50.82330166072808
3.634 50000 11 37 1731 62.228996680693996
19.0 1000 0 45 143 47.73243835616441
2.7 2000 0 30 398 57.86964621585315
1.8399999999999999 2500 0 45 688 49.02303322048246
15.875 20000 23 30 493 51.870398724082946
7.199999999999999 10000 3 30 744 33.332317880794704
20.4 2500 10 30 354 40.2858823529412
3.025 4000 15 35 381 51.06238219895289
0.15 10000 0 60 790 19.51189542483661
1.5 7000 2 30 560 55.18631637168144
0.09090909090909091 11000 0 30 72 49.72506756756758
0.0 18000 0 30 294 44.047948402948435
0.02 50000 5 30 929 45.052257076008885
1.27 30000 23 30 1370 45.85426421404685
34.24632125633733 32348 0 60 274 49.79163636363637
0.0 5000 3 22 734 61.99626966389971
0.04 60000 0 30 557 62.46194373769865
0.35714285714285715 7000 0 30 142 30.15204225352113
0.0 7000 0 30 1495 15.886418032786906
0.004557140583580412 2852666 1 30 377 49.47946158008659
0.33333333333333337 3000 0 30 429 36.299393288943406
4.666666666666667 750 0 30 222 40.50445945945947
0.0 1000 0 60 165 65.47437301587306
0.033846153846153845 65000 0 30 493 56.36171144727933
0.013333333333333334 15000 0 35 186 22.73927536231885
0.006666666666666667 15000 1 30 343 27.850894736842122
7.171428571428572 3500 0 18 3917 42.570099697122686
0.0 5000 0 30 128 72.41317524580685
0.0 1000 2 30 543 47.54138376383764
13.55 2000 0 35 1208 52.1493280110636
0.11100000000000002 100000 3 30 713 65.02029774872913
16.52857142857143 35000 0 30 383 53.89663461538461
18.91 30000 9 35 299 41.26173695893456
0.0 8000 14 35 1408 47.02329264375203
0.35058004640371226 431000 5 25 49 23.683547169811362
17.706666666666667 30000 0 30 335 53.94245098039218
2.0 100 7 45 1990 38.825684827207
0.0 2500 0 30 131 64.43997014925375
25.5 5000 1 60 639 49.37983739837401
0.0 100 1 30 322 40.48911424903724
1.8541666666666667 48000 0 60 825 62.70127360869169
0.01 20000 1 45 258 32.09850215517244
0.05333333333333334 15000 0 60 1982 59.79589784352967
16.944 25000 11 30 1568 43.47060085294015
0.0 2200000 0 30 1552 58.36191840429248
0.0 800 6 30 563 29.258380281690137
0.36666666666666664 15000 1 60 1642 2.467073003575706
0.0 100000 0 30 79 47.316793248945174
0.0 250000 1 17 447 49.69746959942776
0.24 2500 3 60 637 34.63416188106177
0.0 75000 0 30 536 38.99963768115944
0.0 25000 0 15 132 59.05977443609024
0.052 50000 0 30 149 34.28208479020981
10.85 10000 6 35 213 41.34927353595259
0.0 75000 0 30 310 46.07553611317945
0.1 100000 3 45 269 45.36541666666669
0.0 10000 0 45 290 56.576206896551724
0.0 15000 0 60 88 48.77625000000003
0.05 20000 0 30 302 58.744435483871
1.7999999999999998 5000 18 30 886 45.36396944824443
0.0 16000 13 60 1563 67.16591511272654
0.027272727272727275 55000 0 30 202 47.9400275027503
0.0 27000 1 35 1091 47.320189841409814
4.428571428571428 3500 2 35 409 64.77338709677423
0.0 80000 5 30 568 48.0669933471236
0.0011111111111111111 90000 2 30 440 61.78871565934068
0.35000000000000003 20000 0 30 145 63.198135135135175
0.2 500 0 30 152 47.55540322580649
0.0 5000 0 26 254 51.56885986827163
0.002 50000 2 30 139 56.08422291993722
0.0 1700 0 30 630 37.811996904024795
0.062 50000 21 49 821 45.72158265153516
10.520754716981132 53000 15 34 2079 56.825957009345814
0.18636363636363634 44000 0 30 151 46.85158227848103
0.06666666666666667 6000 21 59 730 54.924962787550754
0.20252025202520252 8888 0 30 707 52.02200864924552
0.21052631578947367 4750 7 30 178 26.105000000000018
0.0 8000 0 30 400 58.876025009473295
0.0 7500 0 5 440 68.43487967914439
0.025 4000 0 45 315 38.155846102598304
0.0 20000 0 30 625 68.18526091586797
1.0 2500 0 56 127 39.370396825396824
0.3585714285714286 70000 0 59 1961 44.15563035204568
0.0 50000 0 60 390 64.18756710016604
0.0 90000 0 30 132 51.54692103516922
0.5 10000 0 30 177 45.47762737262741
0.09090909090909091 110000 0 30 1317 50.550756467194304
0.14285714285714285 3500 0 35 135 47.18763381995137
0.00016666666666666666 3000000 0 20 147 56.93285864978904
0.3888888888888889 9000 0 30 119 31.962033613445385
0.06 15000 0 30 266 46.35333333333335
0.0 50000 0 30 250 51.41537931034483
0.5 200 0 25 217 44.80867737003061
0.0 50000 0 30 284 51.50909090909096
0.0 100000 4 27 701 41.93009157509158
105.0 11000 0 13 174 50.595778388278376
101.90066666666667 3000 5 35 1333 54.33105132672205
103.28 2500 0 30 541 47.21659759358292
105.0 300 1 22 631 61.00448279597852
107.0 1500 0 33 327 39.26062500000003
129.5 5000 0 30 377 68.18003971661658
103.38333333333334 1500 7 37 1478 60.44440290659702
100.0 2500 0 14 445 68.52357761492338
168.66666666666669 750 0 15 288 57.85852511415524
106.81818181818181 5500 31 30 1463 66.16282725259356
200.0 2000 0 23 164 52.43639473684212
101.2 2500 0 30 839 39.88559462550029
108.0 600 0 30 325 51.79514354066987
100.0 3150 0 34 774 55.72577172672817
101.21666666666667 6000 4 31 789 50.22030002955958
135.4 3000 0 25 500 75.19081743081371
100.82666666666667 750 0 33 893 49.73075775515039
104.16666666666667 1200 10 32 1216 52.15404231459334
158.28163265306122 24500 0 60 789 49.3546240601504
